0.040000 1724.009521 0.046067
0.050000 1730.906860 0.063237
0.060000 1736.665894 0.095401
0.070000 1742.424927 0.127566
0.080000 1747.467041 0.159556
0.090000 1751.535400 0.188838
0.100000 1754.816162 0.210615
0.110000 1757.166626 0.219913
0.120000 1759.287231 0.220486
0.130000 1761.247314 0.215235
0.140000 1762.974365 0.207298
0.150000 1764.263794 0.200095
0.160000 1764.813599 0.197629
0.170000 1765.104004 0.197696
0.180000 1765.494263 0.196866
0.190000 1766.229004 0.192489
0.200000 1767.445435 0.182652
0.210000 1768.850830 0.168862
0.220000 1769.778809 0.155531
0.230000 1770.052734 0.144899
0.240000 1769.687744 0.138942
0.250000 1768.880371 0.139361
0.260000 1768.026123 0.146225
0.270000 1767.392578 0.153455
0.280000 1766.975830 0.158838
0.290000 1766.741455 0.161293
0.300000 1766.624634 0.160746
0.310000 1766.566040 0.158357
0.320000 1766.557007 0.156209
0.330000 1766.660889 0.154656
0.340000 1766.921875 0.153764
0.350000 1767.362793 0.153355
0.360000 1767.803589 0.153477
0.370000 1768.134277 0.153652
0.380000 1768.466553 0.153013
0.390000 1768.864624 0.150845
0.400000 1769.350830 0.146588
0.410000 1769.708252 0.141021
0.420000 1769.975952 0.136424
0.430000 1770.222656 0.133142
0.440000 1770.402344 0.131236
0.450000 1770.374146 0.130548
0.460000 1769.794800 0.132519
0.470000 1768.851074 0.138492
0.480000 1767.653809 0.148982
0.490000 1766.324219 0.164275
0.500000 1765.005859 0.184328
0.510000 1764.043701 0.207982
0.520000 1763.541626 0.229330
0.530000 1763.484497 0.244892
0.540000 1763.820190 0.252601
0.550000 1764.451050 0.251627
0.560000 1765.146973 0.242831
0.570000 1765.523804 0.232295
0.580000 1765.449097 0.222569
0.590000 1764.906372 0.215267
0.600000 1763.984619 0.211282
0.610000 1763.009277 0.210079
0.620000 1762.362915 0.208548
0.630000 1762.124756 0.205819
0.640000 1762.310181 0.201517
0.650000 1762.871826 0.195660
0.660000 1763.665771 0.188614
0.670000 1764.278320 0.181851
0.680000 1764.586182 0.176275
0.690000 1764.587036 0.172465
0.700000 1764.375366 0.170728
0.710000 1764.122925 0.170918
0.720000 1763.786865 0.172099
0.730000 1763.293945 0.174341
0.740000 1762.669189 0.177488
0.750000 1762.019043 0.181108
0.760000 1761.700806 0.182800
0.770000 1761.730957 0.181745
0.780000 1761.951050 0.178977
0.790000 1762.214966 0.175578
0.800000 1762.373291 0.172753
0.810000 1762.258301 0.171752
0.820000 1761.915039 0.172370
0.830000 1761.406128 0.174629
0.840000 1760.785522 0.178514
0.850000 1760.112549 0.183912
0.860000 1759.508057 0.190529
0.870000 1759.074097 0.196905
0.880000 1758.857300 0.202389
0.890000 1758.865479 0.206798
0.900000 1759.069824 0.210304
0.910000 1759.374390 0.213691
0.920000 1759.615234 0.217323
0.930000 1759.723877 0.221095
0.940000 1759.678955 0.224838
0.950000 1759.498047 0.228301
0.960000 1759.295532 0.230477
0.970000 1759.203491 0.230833
0.980000 1759.223877 0.229792
0.990000 1759.345093 0.227913
1.000000 1759.543091 0.225902
1.010000 1759.801636 0.224358
1.020000 1760.034180 0.223183
1.030000 1760.147095 0.222331
1.040000 1760.059326 0.221779
1.050000 1759.701172 0.221514
1.060000 1758.987671 0.221708
1.070000 1758.164429 0.222574
1.080000 1757.424927 0.223801
1.090000 1756.913940 0.225020
1.100000 1756.749023 0.225815
1.110000 1757.069458 0.225953
1.120000 1757.598999 0.226387
1.130000 1758.074463 0.227336
1.140000 1758.358276 0.228501
1.150000 1758.395508 0.229225
1.160000 1758.366455 0.227907
1.170000 1758.493408 0.224306
1.180000 1758.709229 0.219472
1.190000 1758.931152 0.214385
1.200000 1759.068359 0.210050
1.210000 1759.116211 0.207290
1.220000 1759.228027 0.205685
1.230000 1759.436890 0.205139
1.240000 1759.734009 0.205580
1.250000 1760.081665 0.206863
1.260000 1760.402588 0.208399
1.270000 1760.566040 0.209502
1.280000 1760.475830 0.210201
1.290000 1760.092041 0.210719
1.300000 1759.425537 0.211409
1.310000 1758.621704 0.212834
1.320000 1757.951782 0.214710
1.330000 1757.519287 0.216836
1.340000 1757.347046 0.219230
1.350000 1757.395386 0.222004
1.360000 1757.480225 0.225429
1.370000 1757.427002 0.229046
1.380000 1757.283325 0.232331
1.390000 1757.101929 0.234801
1.400000 1756.941650 0.235979
1.410000 1756.847412 0.235022
1.420000 1756.848267 0.232312
1.430000 1756.943115 0.228649
1.440000 1757.096436 0.224799
1.450000 1757.247803 0.221570
1.460000 1757.288818 0.219828
1.470000 1757.244751 0.219014
1.480000 1757.196045 0.218586
1.490000 1757.204102 0.218156
1.500000 1757.320801 0.217358
1.510000 1757.579102 0.215660
1.520000 1757.824341 0.213409
1.530000 1757.953003 0.211320
1.540000 1757.945068 0.209959
1.550000 1757.832642 0.209783
1.560000 1757.758789 0.210928
1.570000 1757.755371 0.212360
1.580000 1757.756470 0.213630
1.590000 1757.754883 0.214484
1.600000 1757.778809 0.214718
1.610000 1757.981445 0.213782
1.620000 1758.374268 0.211764
1.630000 1758.829590 0.209233
1.640000 1759.250488 0.206633
1.650000 1759.553467 0.204383
1.660000 1759.695801 0.202812
1.670000 1759.716187 0.201850
1.680000 1759.572632 0.201525
1.690000 1759.245605 0.202020
1.700000 1758.748291 0.203522
1.710000 1758.228271 0.206056
1.720000 1757.878174 0.208430
1.730000 1757.659546 0.210518
1.740000 1757.550537 0.212505
1.750000 1757.546631 0.214643
1.760000 1757.825439 0.216567
1.770000 1758.425537 0.217436
1.780000 1759.084717 0.217493
1.790000 1759.589355 0.216873
1.800000 1759.759766 0.215732
1.810000 1759.576660 0.214358
1.820000 1759.446899 0.212966
1.830000 1759.513794 0.211492
1.840000 1759.794312 0.210084
1.850000 1760.243896 0.208945
1.860000 1760.786743 0.208087
1.870000 1761.313232 0.206953
1.880000 1761.733887 0.205576
1.890000 1761.992310 0.204256
1.900000 1762.051025 0.203431
1.910000 1761.867554 0.203824
1.920000 1761.481323 0.205290
1.930000 1761.018066 0.207344
1.940000 1760.627686 0.209302
1.950000 1760.474731 0.210278
1.960000 1760.768921 0.208436
1.970000 1761.236938 0.204520
1.980000 1761.593140 0.200171
1.990000 1761.704346 0.196458
2.000000 1761.506714 0.194249
2.010000 1761.016602 0.194327
2.020000 1760.484497 0.196192
2.030000 1760.053467 0.199018
2.040000 1759.789673 0.202172
2.050000 1759.719238 0.205045
2.060000 1759.814087 0.207067
2.070000 1759.894775 0.208703
2.080000 1759.914551 0.210411
2.090000 1759.926636 0.212148
2.100000 1760.026733 0.213619
2.110000 1760.376465 0.213781
2.120000 1760.822632 0.212710
2.130000 1761.192871 0.211196
2.140000 1761.418701 0.209685
2.150000 1761.475098 0.208498
2.160000 1761.375122 0.207689
2.170000 1761.270508 0.207056
2.180000 1761.260864 0.206441
2.190000 1761.382935 0.205651
2.200000 1761.650024 0.204437
2.210000 1762.089844 0.202146
2.220000 1762.691528 0.198322
2.230000 1763.265747 0.193624
2.240000 1763.643677 0.188804
2.250000 1763.690186 0.184754
2.260000 1763.401611 0.182960
2.270000 1763.063599 0.182781
2.280000 1762.800903 0.182813
2.290000 1762.672363 0.182423
2.300000 1762.717285 0.181192
2.310000 1763.013794 0.178673
2.320000 1763.497070 0.174783
2.330000 1764.046753 0.170192
2.340000 1764.586670 0.165729
2.350000 1765.041138 0.162335
2.360000 1765.268677 0.161343
2.370000 1765.251953 0.162982
2.380000 1765.069702 0.166441
2.390000 1764.741455 0.171104
2.400000 1764.296143 0.176305
2.410000 1763.848755 0.181313
2.420000 1763.730835 0.184799
2.430000 1763.983887 0.186286
2.440000 1764.493652 0.186036
2.450000 1765.075928 0.184701
2.460000 1765.471436 0.183459
2.470000 1765.616577 0.183624
2.480000 1765.546387 0.185159
2.490000 1765.311279 0.187761
2.500000 1764.994629 0.190921
2.510000 1764.775757 0.193729
2.520000 1764.700806 0.195675
2.530000 1764.687378 0.197275
2.540000 1764.726196 0.198736
2.550000 1764.824707 0.200119
2.560000 1765.004883 0.201015
2.570000 1765.115479 0.201347
2.580000 1765.083740 0.201664
2.590000 1764.910522 0.202221
2.600000 1764.628052 0.203068
2.610000 1764.299805 0.203570
2.620000 1763.903076 0.202894
2.630000 1763.414185 0.201418
2.640000 1762.887207 0.199407
2.650000 1762.412842 0.196965
2.660000 1762.169189 0.193278
2.670000 1762.187988 0.187738
2.680000 1762.419556 0.181257
2.690000 1762.835205 0.174698
2.700000 1763.364624 0.168983
2.710000 1763.762451 0.165341
2.720000 1763.775757 0.164014
2.730000 1763.540283 0.164538
2.740000 1763.194824 0.166428
2.750000 1762.892334 0.169001
2.760000 1762.816650 0.171087
2.770000 1762.998657 0.171777
2.780000 1763.292603 0.171348
2.790000 1763.597168 0.170093
2.800000 1763.818604 0.168393
2.810000 1763.860840 0.166786
2.820000 1763.737305 0.166028
2.830000 1763.565674 0.166341
2.840000 1763.417480 0.167612
2.850000 1763.351685 0.169497
2.860000 1763.415894 0.171147
2.870000 1763.593994 0.171753
2.880000 1763.797607 0.171709
2.890000 1763.971069 0.171404
2.900000 1764.083374 0.171196
2.910000 1764.179199 0.171224
2.920000 1764.322144 0.171031
2.930000 1764.408203 0.170705
2.940000 1764.390503 0.170572
2.950000 1764.270386 0.170941
2.960000 1764.188599 0.171911
2.970000 1764.323730 0.172644
2.980000 1764.585449 0.173108
2.990000 1764.892944 0.173545
3.000000 1765.167236 0.174231
3.010000 1765.339478 0.175353
3.020000 1765.385986 0.176709
3.030000 1765.349243 0.178270
3.040000 1765.257690 0.180051
3.050000 1765.134277 0.182023
3.060000 1764.974854 0.184027
3.070000 1764.732422 0.185934
3.080000 1764.456665 0.187775
3.090000 1764.223389 0.189303
3.100000 1764.118652 0.190134
3.110000 1764.270752 0.189421
3.120000 1764.664307 0.187217
3.130000 1765.157471 0.184479
3.140000 1765.655884 0.181750
3.150000 1766.062866 0.179515
3.160000 1766.235229 0.178335
3.170000 1766.015503 0.178772
3.180000 1765.531616 0.180868
3.190000 1764.983154 0.184280
3.200000 1764.588257 0.188257
3.210000 1764.592651 0.191014
3.220000 1764.877930 0.191482
3.230000 1765.206787 0.190646
3.240000 1765.493286 0.189272
3.250000 1765.668091 0.188101
3.260000 1765.623169 0.187836
3.270000 1765.313477 0.188411
3.280000 1764.928833 0.189330
3.290000 1764.574585 0.190237
3.300000 1764.321655 0.190817
3.310000 1764.175293 0.190783
3.320000 1764.139648 0.189795
3.330000 1764.236938 0.187883
3.340000 1764.449341 0.185190
3.350000 1764.734253 0.181973
3.360000 1765.005859 0.178668
3.370000 1765.143433 0.176080
3.380000 1765.088257 0.174622
3.390000 1764.838623 0.174518
3.400000 1764.449829 0.175748
3.410000 1764.106812 0.177853
3.420000 1764.111816 0.178831
3.430000 1764.400269 0.178272
3.440000 1764.865479 0.176583
3.450000 1765.398804 0.174395
3.460000 1765.926758 0.172570
3.470000 1766.431763 0.171721
3.480000 1766.801270 0.171727
3.490000 1766.957886 0.172602
3.500000 1766.865234 0.174382
3.510000 1766.554321 0.177300
3.520000 1766.160767 0.181203
3.530000 1765.752808 0.185503
3.540000 1765.390991 0.189782
3.550000 1765.151245 0.193521
3.560000 1765.177856 0.195738
3.570000 1765.467529 0.195708
3.580000 1765.759644 0.194457
3.590000 1765.968994 0.192551
3.600000 1766.081909 0.190423
3.610000 1766.218140 0.188188
3.620000 1766.416138 0.185499
3.630000 1766.500000 0.182792
3.640000 1766.417358 0.180700
3.650000 1766.171997 0.179775
3.660000 1765.858521 0.180470
3.670000 1765.606323 0.181890
3.680000 1765.459717 0.182977
3.690000 1765.439453 0.183422
3.700000 1765.544067 0.183121
3.710000 1765.741211 0.182204
3.720000 1765.966797 0.180801
3.730000 1766.168945 0.179050
3.740000 1766.280640 0.177205
3.750000 1766.252075 0.175611
3.760000 1766.060303 0.174860
3.770000 1765.962891 0.174546
3.780000 1766.110352 0.173314
3.790000 1766.428833 0.170986
3.800000 1766.781738 0.167926
3.810000 1766.940063 0.165474
3.820000 1766.857422 0.165635
3.830000 1766.695435 0.167638
3.840000 1766.511230 0.170560
3.850000 1766.332397 0.173526
3.860000 1766.137573 0.175852
3.870000 1765.890991 0.177889
3.880000 1765.605225 0.179981
3.890000 1765.296631 0.181906
3.900000 1765.000732 0.183280
3.910000 1764.801392 0.183367
3.920000 1764.870117 0.181322
3.930000 1765.139038 0.177865
3.940000 1765.486328 0.173718
3.950000 1765.785889 0.169663
3.960000 1765.908813 0.166628
3.970000 1765.872925 0.165330
3.980000 1765.751709 0.165163
3.990000 1765.550293 0.165789
4.000000 1765.277344 0.166889
4.010000 1764.955688 0.168208
4.020000 1764.699585 0.169477
4.030000 1764.599976 0.170404
4.040000 1764.714966 0.170654
4.050000 1765.069458 0.169986
4.060000 1765.649536 0.168258
4.070000 1766.218750 0.166308
4.080000 1766.635376 0.164980
4.090000 1766.901855 0.164534
4.100000 1767.031860 0.165029
4.110000 1767.019653 0.166313
4.120000 1766.802979 0.168256
4.130000 1766.542114 0.170680
4.140000 1766.379517 0.173097
4.150000 1766.413330 0.174945
4.160000 1766.673950 0.175483
4.170000 1766.936646 0.174965
4.180000 1767.076782 0.174526
4.190000 1767.114868 0.174498
4.200000 1767.108276 0.174886
4.210000 1767.165039 0.175178
4.220000 1767.330688 0.174371
4.230000 1767.470093 0.172844
4.240000 1767.522339 0.171149
4.250000 1767.469116 0.169792
4.260000 1767.356689 0.169211
4.270000 1767.294434 0.168868
4.280000 1767.293091 0.168136
4.290000 1767.345337 0.167068
4.300000 1767.437866 0.165895
4.310000 1767.552124 0.165121
4.320000 1767.621704 0.165291
4.330000 1767.596436 0.166094
4.340000 1767.457275 0.167300
4.350000 1767.215454 0.168677
4.360000 1766.926758 0.170001
4.370000 1766.709717 0.170960
4.380000 1766.547974 0.171535
4.390000 1766.425659 0.171774
4.400000 1766.350586 0.171682
4.410000 1766.380127 0.171141
4.420000 1766.617310 0.169535
4.430000 1766.963135 0.166988
4.440000 1767.345093 0.163797
4.450000 1767.695190 0.160353
4.460000 1767.946533 0.157183
4.470000 1767.984375 0.155114
4.480000 1767.785400 0.154321
4.490000 1767.386108 0.155015
4.500000 1766.870605 0.157196
4.510000 1766.393066 0.160617
4.520000 1766.164673 0.163744
4.530000 1766.125854 0.165740
4.540000 1766.230713 0.166572
4.550000 1766.431519 0.166399
4.560000 1766.681763 0.165567
4.570000 1766.863647 0.164563
4.580000 1766.874634 0.163732
4.590000 1766.702026 0.163238
4.600000 1766.381836 0.163120
4.610000 1766.014893 0.163261
4.620000 1765.733765 0.162834
4.630000 1765.481934 0.161666
4.640000 1765.247192 0.159943
4.650000 1765.045288 0.157823
4.660000 1764.937866 0.155367
4.670000 1764.938843 0.151873
4.680000 1764.888794 0.147033
4.690000 1764.765991 0.140453
4.700000 1764.618164 0.131570
4.710000 1764.593506 0.119392
4.720000 1764.985229 0.101938
4.730000 1765.771484 0.081767
4.740000 1766.859985 0.061409
4.750000 1768.016846 0.043381
4.760000 1768.789185 0.030406
4.770000 1768.570557 0.024099
4.780000 1767.548096 0.020985
4.790000 1766.270874 0.019567
4.800000 1765.285767 0.018665
4.810000 1765.147705 0.017461
4.820000 1765.783081 0.015922
4.830000 1766.449463 0.014226
4.840000 1766.842041 0.012317
4.850000 1766.828003 0.010178
4.860000 1766.479004 0.007848
4.870000 1765.828979 0.005454
4.880000 1771.229980 0.003376
4.890000 1776.132690 0.002087
4.900000 1774.435303 0.001721
4.910000 1760.782227 0.001986
4.920000 1763.664429 0.002490
4.930000 1764.748169 0.002694
4.940000 1764.939331 0.002629
4.950000 1765.039185 0.002362
4.960000 1764.930542 0.001978
4.970000 1764.764160 0.001601
4.980000 1765.155029 0.001295
4.990000 1766.118530 0.001072
5.000000 1767.264526 0.000924
5.010000 1767.677124 0.000823
5.020000 1766.275269 0.000736
5.030000 1764.675293 0.000677
5.040000 1763.793579 0.000644
5.050000 1764.074951 0.000634
5.060000 1765.423706 0.000641
5.070000 1766.762695 0.000633
5.080000 1767.183960 0.000581
5.090000 1766.630737 0.000489
5.100000 1764.874756 0.000371
5.110000 1761.401733 0.000258
5.120000 1758.934204 0.000204
5.130000 1758.879639 0.000186
5.140000 1760.991577 0.000197
5.150000 1763.987427 0.000223
5.160000 1765.346558 0.000242
5.170000 1765.356567 0.000229
5.180000 1765.291626 0.000202
5.190000 1765.276367 0.000170
5.200000 1765.340210 0.000137
5.210000 1765.423096 0.000108
5.220000 1765.810425 0.000086
5.230000 1766.754028 0.000070
5.240000 1767.926758 0.000058
5.250000 1768.856689 0.000050
5.260000 1768.902100 0.000044
5.270000 1768.342041 0.000038
5.280000 1768.194214 0.000015
