0.000000 1136.331909 0.037186
0.010000 1138.105957 0.078336
0.020000 1139.862305 0.125465
0.030000 1141.614990 0.168943
0.040000 1143.489868 0.199391
0.050000 1145.724976 0.207706
0.060000 1149.469604 0.180522
0.070000 1157.973145 0.146633
0.080000 1165.973145 0.128078
0.090000 1170.930054 0.130697
0.100000 1172.927612 0.144734
0.110000 1173.311890 0.164679
0.120000 1173.685669 0.183987
0.130000 1174.211060 0.200045
0.140000 1174.835571 0.211798
0.150000 1175.305054 0.219661
0.160000 1175.476562 0.222836
0.170000 1175.705078 0.220492
0.180000 1176.252075 0.211817
0.190000 1177.249756 0.197777
0.200000 1178.705322 0.181073
0.210000 1180.103394 0.169042
0.220000 1180.911987 0.162799
0.230000 1181.057251 0.161411
0.240000 1180.601196 0.163755
0.250000 1179.736694 0.168436
0.260000 1178.729248 0.172773
0.270000 1177.904907 0.175244
0.280000 1177.384766 0.176100
0.290000 1177.209839 0.175986
0.300000 1177.345947 0.175916
0.310000 1177.565186 0.177201
0.320000 1177.780640 0.178404
0.330000 1178.040161 0.178437
0.340000 1178.334106 0.176823
0.350000 1178.602783 0.173623
0.360000 1178.715332 0.169525
0.370000 1178.867554 0.165359
0.380000 1179.149536 0.161462
0.390000 1179.532471 0.158228
0.400000 1179.887207 0.156091
0.410000 1180.049927 0.155287
0.420000 1180.177979 0.154991
0.430000 1180.268799 0.154914
0.440000 1180.262939 0.154827
0.450000 1180.056885 0.154540
0.460000 1179.569458 0.153732
0.470000 1178.902710 0.152670
0.480000 1178.013428 0.151987
0.490000 1176.925781 0.152454
0.500000 1175.734253 0.154952
0.510000 1175.005493 0.160336
0.520000 1174.874390 0.167815
0.530000 1175.191284 0.177697
0.540000 1175.777832 0.189889
0.550000 1176.415283 0.203863
0.560000 1176.774536 0.217115
0.570000 1176.817261 0.227411
0.580000 1176.605469 0.234312
0.590000 1176.217163 0.237865
0.600000 1175.753906 0.238594
0.610000 1175.398926 0.237696
0.620000 1175.226562 0.237187
0.630000 1175.243652 0.237577
0.640000 1175.435303 0.239040
0.650000 1175.761475 0.241475
0.660000 1176.086060 0.244577
0.670000 1176.250488 0.247295
0.680000 1176.264771 0.248942
0.690000 1176.176636 0.249131
0.700000 1176.064697 0.247739
0.710000 1175.961792 0.245258
0.720000 1175.775024 0.242782
0.730000 1175.494751 0.240343
0.740000 1175.172729 0.237882
0.750000 1174.909424 0.235314
0.760000 1174.903076 0.233491
0.770000 1175.037109 0.233700
0.780000 1175.188110 0.235727
0.790000 1175.279785 0.238738
0.800000 1175.265381 0.241376
0.810000 1175.112671 0.241419
0.820000 1174.853882 0.239416
0.830000 1174.518921 0.236170
0.840000 1174.142944 0.232165
0.850000 1173.770142 0.227732
0.860000 1173.490479 0.222739
0.870000 1173.347290 0.217529
0.880000 1173.312622 0.212747
0.890000 1173.342163 0.208956
0.900000 1173.376709 0.206644
0.910000 1173.368652 0.205897
0.920000 1173.292847 0.205182
0.930000 1173.136841 0.203670
0.940000 1172.930664 0.201015
0.950000 1172.737183 0.197245
0.960000 1172.694214 0.193561
0.970000 1172.747314 0.191649
0.980000 1172.846802 0.191616
0.990000 1172.975464 0.193174
1.000000 1173.130371 0.195713
1.010000 1173.280396 0.198691
1.020000 1173.344116 0.201757
1.030000 1173.289307 0.204333
1.040000 1173.108765 0.205622
1.050000 1172.817139 0.204666
1.060000 1172.451904 0.199605
1.070000 1172.114502 0.191530
1.080000 1171.868530 0.181826
1.090000 1171.760864 0.171797
1.100000 1171.819946 0.162861
1.110000 1171.982300 0.157527
1.120000 1172.065308 0.155444
1.130000 1172.055542 0.155041
1.140000 1172.003174 0.155069
1.150000 1171.999023 0.154439
1.160000 1172.161377 0.153529
1.170000 1172.350342 0.154478
1.180000 1172.478271 0.157332
1.190000 1172.534302 0.161456
1.200000 1172.553833 0.165757
1.210000 1172.637573 0.169075
1.220000 1172.772705 0.172441
1.230000 1172.934692 0.176636
1.240000 1173.112061 0.181909
1.250000 1173.295166 0.188152
1.260000 1173.427856 0.194576
1.270000 1173.423340 0.199782
1.280000 1173.265747 0.202799
1.290000 1172.981812 0.202938
1.300000 1172.632446 0.199783
1.310000 1172.357422 0.193187
1.320000 1172.207275 0.185523
1.330000 1172.142700 0.178131
1.340000 1172.112915 0.171638
1.350000 1172.053223 0.166253
1.360000 1171.864136 0.161216
1.370000 1171.610962 0.155262
1.380000 1171.397461 0.148529
1.390000 1171.277466 0.141579
1.400000 1171.279053 0.135248
1.410000 1171.421875 0.130877
1.420000 1171.575317 0.128397
1.430000 1171.639526 0.127350
1.440000 1171.604126 0.127314
1.450000 1171.510376 0.127776
1.460000 1171.483887 0.127962
1.470000 1171.503418 0.127579
1.480000 1171.556763 0.126937
1.490000 1171.653809 0.126518
1.500000 1171.804688 0.126930
1.510000 1171.933594 0.129249
1.520000 1171.935791 0.132474
1.530000 1171.853394 0.135250
1.540000 1171.746216 0.136938
1.550000 1171.685059 0.137336
1.560000 1171.716187 0.137435
1.570000 1171.769165 0.138221
1.580000 1171.821289 0.139208
1.590000 1171.883057 0.140105
1.600000 1171.979126 0.140816
1.610000 1172.137817 0.142575
1.620000 1172.320312 0.146568
1.630000 1172.492432 0.152090
1.640000 1172.635254 0.158284
1.650000 1172.738525 0.164163
1.660000 1172.813721 0.168873
1.670000 1172.819824 0.172704
1.680000 1172.702515 0.175423
1.690000 1172.477295 0.176563
1.700000 1172.206665 0.175653
1.710000 1172.079346 0.172333
1.720000 1172.060791 0.168316
1.730000 1172.030273 0.164291
1.740000 1171.981445 0.160419
1.750000 1171.966675 0.156788
1.760000 1172.181030 0.154675
1.770000 1172.511108 0.156329
1.780000 1172.771973 0.161028
1.790000 1172.876709 0.167109
1.800000 1172.798340 0.172363
1.810000 1172.683228 0.174273
1.820000 1172.713013 0.175045
1.830000 1172.867432 0.177083
1.840000 1173.118530 0.181341
1.850000 1173.426514 0.188030
1.860000 1173.738403 0.196210
1.870000 1173.990479 0.204249
1.880000 1174.161987 0.211469
1.890000 1174.243896 0.217363
1.900000 1174.234619 0.221519
1.910000 1174.114746 0.223307
1.920000 1173.915161 0.223265
1.930000 1173.751099 0.222134
1.940000 1173.725586 0.220630
1.950000 1173.917480 0.219622
1.960000 1174.281128 0.220875
1.970000 1174.518799 0.223832
1.980000 1174.570923 0.226346
1.990000 1174.457520 0.227090
2.000000 1174.236694 0.225172
2.010000 1173.974976 0.220590
2.020000 1173.736572 0.215444
2.030000 1173.570435 0.210643
2.040000 1173.498291 0.206609
2.050000 1173.519775 0.203599
2.060000 1173.570679 0.202072
2.070000 1173.535889 0.201354
2.080000 1173.459473 0.200514
2.090000 1173.417603 0.199324
2.100000 1173.485474 0.197984
2.110000 1173.656860 0.198190
2.120000 1173.781494 0.200812
2.130000 1173.854858 0.204521
2.140000 1173.893066 0.208278
2.150000 1173.917847 0.211149
2.160000 1173.928589 0.212659
2.170000 1173.961304 0.213759
2.180000 1174.035156 0.215194
2.190000 1174.160278 0.217355
2.200000 1174.345093 0.220465
2.210000 1174.630737 0.224570
2.220000 1174.958740 0.229124
2.230000 1175.204956 0.233279
2.240000 1175.307129 0.236175
2.250000 1175.242676 0.237006
2.260000 1175.084961 0.234979
2.270000 1174.976074 0.231724
2.280000 1174.931519 0.228814
2.290000 1174.965942 0.226845
2.300000 1175.089966 0.226030
2.310000 1175.322876 0.226094
2.320000 1175.576660 0.226544
2.330000 1175.804077 0.227184
2.340000 1175.994019 0.227864
2.350000 1176.146362 0.228397
2.360000 1176.254272 0.228336
2.370000 1176.314575 0.227295
2.380000 1176.300293 0.225336
2.390000 1176.190796 0.222590
2.400000 1175.990723 0.219301
2.410000 1175.808594 0.215977
2.420000 1175.857178 0.213593
2.430000 1176.090820 0.212776
2.440000 1176.418823 0.213563
2.450000 1176.729736 0.215543
2.460000 1176.901733 0.217156
2.470000 1176.905884 0.216887
2.480000 1176.801147 0.215184
2.490000 1176.652710 0.212667
2.500000 1176.532227 0.210105
2.510000 1176.513550 0.208509
2.520000 1176.515137 0.208150
2.530000 1176.515625 0.208379
2.540000 1176.538330 0.208806
2.550000 1176.606934 0.209172
2.560000 1176.696777 0.209711
2.570000 1176.699463 0.210780
2.580000 1176.621826 0.211950
2.590000 1176.492920 0.212856
2.600000 1176.348877 0.213227
2.610000 1176.219360 0.213126
2.620000 1176.013916 0.213215
2.630000 1175.732666 0.213609
2.640000 1175.454346 0.214215
2.650000 1175.275024 0.214908
2.660000 1175.292480 0.215704
2.670000 1175.394897 0.217243
2.680000 1175.531738 0.219474
2.690000 1175.684326 0.222126
2.700000 1175.826904 0.224775
2.710000 1175.867920 0.226626
2.720000 1175.757568 0.226785
2.730000 1175.581299 0.225417
2.740000 1175.405762 0.222958
2.750000 1175.294189 0.220087
2.760000 1175.311279 0.218048
2.770000 1175.419678 0.217562
2.780000 1175.541870 0.217897
2.790000 1175.641846 0.218417
2.800000 1175.694580 0.218524
2.810000 1175.678833 0.217779
2.820000 1175.615112 0.216793
2.830000 1175.555420 0.216112
2.840000 1175.532227 0.215850
2.850000 1175.569092 0.215975
2.860000 1175.676880 0.216311
2.870000 1175.785889 0.216761
2.880000 1175.844360 0.217206
2.890000 1175.860474 0.217468
2.900000 1175.867065 0.217384
2.910000 1175.946411 0.216828
2.920000 1176.053589 0.216284
2.930000 1176.091553 0.215812
2.940000 1176.060547 0.215166
2.950000 1175.999390 0.214087
2.960000 1176.023315 0.212468
2.970000 1176.145142 0.211369
2.980000 1176.298096 0.211180
2.990000 1176.458130 0.211578
3.000000 1176.608032 0.211983
3.010000 1176.726929 0.211368
3.020000 1176.771606 0.209464
3.030000 1176.757812 0.206989
3.040000 1176.706543 0.204402
3.050000 1176.638062 0.202114
3.060000 1176.557617 0.200499
3.070000 1176.422485 0.199571
3.080000 1176.273193 0.199029
3.090000 1176.176392 0.198816
3.100000 1176.195312 0.198972
3.110000 1176.381958 0.199859
3.120000 1176.629028 0.201709
3.130000 1176.865845 0.203662
3.140000 1177.072144 0.204974
3.150000 1177.225586 0.205010
3.160000 1177.255493 0.203275
3.170000 1177.068359 0.200350
3.180000 1176.784424 0.197217
3.190000 1176.541382 0.194353
3.200000 1176.461670 0.192183
3.210000 1176.622681 0.191342
3.220000 1176.842651 0.191993
3.230000 1177.006104 0.193052
3.240000 1177.078735 0.193865
3.250000 1177.043091 0.193970
3.260000 1176.872437 0.193249
3.270000 1176.641479 0.192446
3.280000 1176.462524 0.192070
3.290000 1176.356323 0.192343
3.300000 1176.314209 0.193337
3.310000 1176.287598 0.194909
3.320000 1176.295166 0.196301
3.330000 1176.350952 0.197372
3.340000 1176.442017 0.198264
3.350000 1176.547974 0.199128
3.360000 1176.643799 0.199977
3.370000 1176.674316 0.200353
3.380000 1176.597534 0.200123
3.390000 1176.427368 0.199300
3.400000 1176.218140 0.197993
3.410000 1176.118408 0.196451
3.420000 1176.245361 0.195564
3.430000 1176.463501 0.195730
3.440000 1176.708862 0.196604
3.450000 1176.945923 0.197551
3.460000 1177.203003 0.197388
3.470000 1177.465210 0.195584
3.480000 1177.655029 0.192802
3.490000 1177.742554 0.189219
3.500000 1177.718018 0.184987
3.510000 1177.594727 0.180226
3.520000 1177.387085 0.175784
3.530000 1177.151733 0.172390
3.540000 1176.963013 0.170331
3.550000 1176.891724 0.169711
3.560000 1177.009277 0.170521
3.570000 1177.167725 0.172457
3.580000 1177.238892 0.174563
3.590000 1177.247314 0.176235
3.600000 1177.249756 0.177052
3.610000 1177.339600 0.176866
3.620000 1177.430054 0.176465
3.630000 1177.439087 0.176075
3.640000 1177.377319 0.175446
3.650000 1177.275024 0.174321
3.660000 1177.178101 0.172514
3.670000 1177.100098 0.170647
3.680000 1177.068237 0.169341
3.690000 1177.087646 0.168771
3.700000 1177.151367 0.168930
3.710000 1177.234375 0.169558
3.720000 1177.332397 0.169873
3.730000 1177.407593 0.169685
3.740000 1177.415161 0.169075
3.750000 1177.333496 0.168141
3.760000 1177.193115 0.166912
3.770000 1177.213135 0.165152
3.780000 1177.401611 0.163168
3.790000 1177.661255 0.161247
3.800000 1177.880859 0.159517
3.810000 1177.937134 0.157709
3.820000 1177.868652 0.155236
3.830000 1177.794678 0.152601
3.840000 1177.726318 0.150434
3.850000 1177.650757 0.149284
3.860000 1177.520508 0.149595
3.870000 1177.319702 0.150893
3.880000 1177.090088 0.152451
3.890000 1176.860718 0.154166
3.900000 1176.670044 0.156056
3.910000 1176.588867 0.158312
3.920000 1176.695923 0.161201
3.930000 1176.870728 0.164579
3.940000 1177.035034 0.168071
3.950000 1177.135132 0.171187
3.960000 1177.160034 0.173154
3.970000 1177.151245 0.173495
3.980000 1177.098145 0.172998
3.990000 1176.988892 0.172052
4.000000 1176.826782 0.170973
4.010000 1176.644775 0.169960
4.020000 1176.539551 0.169264
4.030000 1176.546875 0.169150
4.040000 1176.678833 0.169764
4.050000 1176.923950 0.171100
4.060000 1177.236694 0.172924
4.070000 1177.492676 0.174171
4.080000 1177.682251 0.174101
4.090000 1177.817383 0.172564
4.100000 1177.901978 0.169702
4.110000 1177.910645 0.166047
4.120000 1177.815552 0.162512
4.130000 1177.742920 0.159200
4.140000 1177.761841 0.156135
4.150000 1177.894653 0.153426
4.160000 1178.086426 0.151431
4.170000 1178.176636 0.150269
4.180000 1178.178467 0.149156
4.190000 1178.138794 0.147742
4.200000 1178.108887 0.145888
4.210000 1178.145996 0.143780
4.220000 1178.214722 0.141954
4.230000 1178.248779 0.140279
4.240000 1178.251465 0.138465
4.250000 1178.238892 0.136271
4.260000 1178.243652 0.133541
4.270000 1178.243286 0.130707
4.280000 1178.240845 0.128263
4.290000 1178.258667 0.126369
4.300000 1178.310303 0.125097
4.310000 1178.391113 0.124470
4.320000 1178.445801 0.124310
4.330000 1178.427368 0.124172
4.340000 1178.306763 0.123885
4.350000 1178.084595 0.123402
4.360000 1177.805664 0.122865
4.370000 1177.605225 0.122800
4.380000 1177.486694 0.123477
4.390000 1177.437500 0.124927
4.400000 1177.450439 0.127018
4.410000 1177.536011 0.129398
4.420000 1177.712402 0.131292
4.430000 1177.927856 0.132435
4.440000 1178.158569 0.132686
4.450000 1178.381348 0.131934
4.460000 1178.570190 0.130024
4.470000 1178.611938 0.126974
4.480000 1178.467896 0.123623
4.490000 1178.185547 0.120568
4.500000 1177.851807 0.118361
4.510000 1177.613525 0.117596
4.520000 1177.578735 0.118810
4.530000 1177.632690 0.121166
4.540000 1177.719604 0.124084
4.550000 1177.797607 0.127014
4.560000 1177.842896 0.129410
4.570000 1177.808716 0.130939
4.580000 1177.679443 0.131970
4.590000 1177.479980 0.132671
4.600000 1177.257080 0.133204
4.610000 1177.088867 0.133734
4.620000 1176.990479 0.134658
4.630000 1176.874512 0.136026
4.640000 1176.759155 0.137677
4.650000 1176.679688 0.139423
4.660000 1176.695801 0.141061
4.670000 1176.726196 0.142598
4.680000 1176.648804 0.143610
4.690000 1176.510498 0.143178
4.700000 1176.397583 0.140329
4.710000 1176.452881 0.133840
4.720000 1176.651855 0.122639
4.730000 1176.675171 0.108534
4.740000 1176.318481 0.092581
4.750000 1175.526123 0.076266
4.760000 1174.437256 0.061808
4.770000 1174.024658 0.052208
4.780000 1174.451050 0.046022
4.790000 1175.403320 0.042106
4.800000 1176.448242 0.039073
4.810000 1176.991943 0.035178
4.820000 1176.832275 0.029576
4.830000 1176.545776 0.023739
4.840000 1176.514038 0.018372
4.850000 1177.026978 0.013978
4.860000 1178.289185 0.010871
4.870000 1179.788696 0.009069
4.880000 1180.634766 0.007733
4.890000 1180.649780 0.006658
4.900000 1179.875244 0.005735
4.910000 1178.594727 0.004969
4.920000 1177.228027 0.004410
4.930000 1176.256592 0.003980
4.940000 1175.915527 0.003647
4.950000 1176.237793 0.003383
4.960000 1177.016724 0.003168
4.970000 1177.398926 0.002945
4.980000 1177.254272 0.002694
4.990000 1176.939209 0.002447
5.000000 1176.771606 0.002228
5.010000 1177.012573 0.002055
5.020000 1177.162109 0.001906
5.030000 1176.646606 0.001746
5.040000 1175.732788 0.001595
5.050000 1174.813477 0.001467
5.060000 1174.428345 0.001372
5.070000 1174.808472 0.001279
5.080000 1175.378906 0.001155
5.090000 1176.019897 0.001002
5.100000 1176.683594 0.000831
5.110000 1177.402344 0.000668
5.120000 1177.799438 0.000545
5.130000 1177.887695 0.000450
5.140000 1178.099854 0.000374
5.150000 1178.840698 0.000310
5.160000 1180.491821 0.000253
5.170000 1182.385864 0.000203
5.180000 1183.363892 0.000158
5.190000 1183.385254 0.000120
5.200000 1182.781738 0.000090
5.210000 1182.299561 0.000070
5.220000 1183.400269 0.000057
5.230000 1185.466187 0.000048
5.240000 1186.975952 0.000043
5.250000 1187.071411 0.000042
5.260000 1185.643921 0.000045
5.270000 1182.127686 0.000048
5.280000 1178.902100 0.000047
5.290000 1176.653320 0.000042
5.300000 1175.629883 0.000030
5.310000 1175.629883 0.000000