0.000000 291.541504 0.033462
0.010000 288.893951 0.053403
0.020000 287.295074 0.069185
0.030000 286.546783 0.079033
0.040000 286.536469 0.083377
0.050000 287.236145 0.084831
0.060000 288.792419 0.088918
0.070000 290.471588 0.095504
0.080000 291.893341 0.102191
0.090000 292.841064 0.107039
0.100000 293.257629 0.108559
0.110000 293.298126 0.107045
0.120000 293.285248 0.105205
0.130000 293.357391 0.103674
0.140000 293.575226 0.102742
0.150000 293.924896 0.102365
0.160000 294.192505 0.102154
0.170000 294.343506 0.102071
0.180000 294.428497 0.102484
0.190000 294.486450 0.103688
0.200000 294.546295 0.105906
0.210000 294.603790 0.108941
0.220000 294.627197 0.111592
0.230000 294.614075 0.113300
0.240000 294.574249 0.113767
0.250000 294.528687 0.112947
0.260000 294.481873 0.111183
0.270000 294.432312 0.109450
0.280000 294.411896 0.108123
0.290000 294.443268 0.107436
0.300000 294.540131 0.107498
0.310000 294.651947 0.108252
0.320000 294.722168 0.109103
0.330000 294.760529 0.109813
0.340000 294.780090 0.110210
0.350000 294.796936 0.110183
0.360000 294.799347 0.109566
0.370000 294.798431 0.108704
0.380000 294.821350 0.107865
0.390000 294.876892 0.107229
0.400000 294.957275 0.106906
0.410000 294.994507 0.106767
0.420000 294.996948 0.106592
0.430000 294.992126 0.106398
0.440000 294.984222 0.106194
0.450000 294.958466 0.105975
0.460000 294.862946 0.105617
0.470000 294.723083 0.105132
0.480000 294.539734 0.104553
0.490000 294.312561 0.103910
0.500000 294.043335 0.103243
0.510000 293.813293 0.102771
0.520000 293.711761 0.102689
0.530000 293.744629 0.103086
0.540000 293.894409 0.103984
0.550000 294.120148 0.105330
0.560000 294.324341 0.106843
0.570000 294.409119 0.107941
0.580000 294.356384 0.108357
0.590000 294.181030 0.107998
0.600000 293.928101 0.106927
0.610000 293.696533 0.105578
0.620000 293.558136 0.104681
0.630000 293.532532 0.104498
0.640000 293.618896 0.105134
0.650000 293.796143 0.106552
0.660000 293.988892 0.108499
0.670000 294.115875 0.110344
0.680000 294.167816 0.111828
0.690000 294.152679 0.112801
0.700000 294.093079 0.113202
0.710000 294.015320 0.113008
0.720000 293.918060 0.112550
0.730000 293.798828 0.112003
0.740000 293.672668 0.111522
0.750000 293.569214 0.111263
0.760000 293.567352 0.111503
0.770000 293.644684 0.112135
0.780000 293.750488 0.112956
0.790000 293.842957 0.113754
0.800000 293.884125 0.114297
0.810000 293.835358 0.114251
0.820000 293.723083 0.113733
0.830000 293.573334 0.112898
0.840000 293.410034 0.111908
0.850000 293.258667 0.110954
0.860000 293.162933 0.110374
0.870000 293.135010 0.110262
0.880000 293.161224 0.110568
0.890000 293.221771 0.111202
0.900000 293.290375 0.112030
0.910000 293.339783 0.112824
0.920000 293.356232 0.113376
0.930000 293.326752 0.113590
0.940000 293.254791 0.113447
0.950000 293.158295 0.113006
0.960000 293.105957 0.112568
0.970000 293.120850 0.112435
0.980000 293.181610 0.112598
0.990000 293.268341 0.112987
1.000000 293.359009 0.113473
1.010000 293.420410 0.113859
1.020000 293.429291 0.114063
1.030000 293.382965 0.114085
1.040000 293.286987 0.113933
1.050000 293.154999 0.113625
1.060000 293.014099 0.113192
1.070000 292.901215 0.112785
1.080000 292.835541 0.112500
1.090000 292.827911 0.112400
1.100000 292.881836 0.112527
1.110000 292.988586 0.112920
1.120000 293.087646 0.113364
1.130000 293.140991 0.113646
1.140000 293.136475 0.113632
1.150000 293.081482 0.113240
1.160000 293.041443 0.112578
1.170000 293.053589 0.112029
1.180000 293.092743 0.111698
1.190000 293.141083 0.111594
1.200000 293.184052 0.111657
1.210000 293.225586 0.111784
1.220000 293.261993 0.111917
1.230000 293.291748 0.112077
1.240000 293.320923 0.112292
1.250000 293.359344 0.112596
1.260000 293.410492 0.112986
1.270000 293.432831 0.113266
1.280000 293.397614 0.113291
1.290000 293.297791 0.113004
1.300000 293.143311 0.112412
1.310000 292.991730 0.111697
1.320000 292.901001 0.111186
1.330000 292.873596 0.110968
1.340000 292.899628 0.111027
1.350000 292.956970 0.111263
1.360000 292.987274 0.111386
1.370000 292.954926 0.111188
1.380000 292.890228 0.110755
1.390000 292.824158 0.110209
1.400000 292.789520 0.109702
1.410000 292.815338 0.109411
1.420000 292.878265 0.109233
1.430000 292.941833 0.109032
1.440000 292.977966 0.108733
1.450000 292.964722 0.108297
1.460000 292.909729 0.107802
1.470000 292.861908 0.107451
1.480000 292.836395 0.107310
1.490000 292.843903 0.107402
1.500000 292.891052 0.107715
1.510000 292.973816 0.108190
1.520000 293.031250 0.108604
1.530000 293.041992 0.108838
1.540000 293.009766 0.108861
1.550000 292.953583 0.108703
1.560000 292.913757 0.108502
1.570000 292.901825 0.108421
1.580000 292.909363 0.108474
1.590000 292.934265 0.108633
1.600000 292.976624 0.108845
1.610000 293.043915 0.109038
1.620000 293.119202 0.109228
1.630000 293.184601 0.109434
1.640000 293.230255 0.109642
1.650000 293.251129 0.109824
1.660000 293.252563 0.109938
1.670000 293.239410 0.109980
1.680000 293.193054 0.109919
1.690000 293.109131 0.109745
1.700000 292.996307 0.109475
1.710000 292.917847 0.109257
1.720000 292.900696 0.109256
1.730000 292.910400 0.109424
1.740000 292.934723 0.109694
1.750000 292.972443 0.109988
1.760000 293.061646 0.110292
1.770000 293.179413 0.110690
1.780000 293.272095 0.111121
1.790000 293.310913 0.111469
1.800000 293.282684 0.111592
1.810000 293.216644 0.111315
1.820000 293.187042 0.110841
1.830000 293.205200 0.110405
1.840000 293.266876 0.110156
1.850000 293.359680 0.110202
1.860000 293.474091 0.110622
1.870000 293.587036 0.111226
1.880000 293.667816 0.111798
1.890000 293.697540 0.112192
1.900000 293.665833 0.112298
1.910000 293.579987 0.112064
1.920000 293.478333 0.111707
1.930000 293.391052 0.111369
1.940000 293.350037 0.111144
1.950000 293.385254 0.111111
1.960000 293.520996 0.111399
1.970000 293.660797 0.111868
1.980000 293.738617 0.112240
1.990000 293.732971 0.112313
2.000000 293.644440 0.111932
2.010000 293.498230 0.110995
2.020000 293.354095 0.109855
2.030000 293.250458 0.108825
2.040000 293.208557 0.108083
2.050000 293.238190 0.107750
2.060000 293.326508 0.107892
2.070000 293.393738 0.108227
2.080000 293.410522 0.108539
2.090000 293.389648 0.108760
2.100000 293.363159 0.108891
2.110000 293.390198 0.109071
2.120000 293.448761 0.109370
2.130000 293.503632 0.109674
2.140000 293.542145 0.109888
2.150000 293.559021 0.109934
2.160000 293.549408 0.109784
2.170000 293.529968 0.109646
2.180000 293.524933 0.109679
2.190000 293.546875 0.109945
2.200000 293.604004 0.110454
2.210000 293.707520 0.111154
2.220000 293.837219 0.111869
2.230000 293.939423 0.112426
2.240000 293.979004 0.112689
2.250000 293.935547 0.112557
2.260000 293.832520 0.111985
2.270000 293.748108 0.111252
2.280000 293.697754 0.110571
2.290000 293.688354 0.110064
2.300000 293.723236 0.109822
2.310000 293.813629 0.109930
2.320000 293.921967 0.110247
2.330000 294.017212 0.110614
2.340000 294.089172 0.110933
2.350000 294.134399 0.111123
2.360000 294.148773 0.111085
2.370000 294.138458 0.110829
2.380000 294.111969 0.110426
2.390000 294.066498 0.109910
2.400000 293.999390 0.109317
2.410000 293.919617 0.108716
2.420000 293.896881 0.108293
2.430000 293.947937 0.108127
2.440000 294.053802 0.108213
2.450000 294.179443 0.108491
2.460000 294.271027 0.108780
2.470000 294.309937 0.108812
2.480000 294.299347 0.108522
2.490000 294.247131 0.107928
2.500000 294.169281 0.107119
2.510000 294.105286 0.106333
2.520000 294.077087 0.105858
2.530000 294.071228 0.105690
2.540000 294.084900 0.105782
2.550000 294.116119 0.106057
2.560000 294.161316 0.106409
2.570000 294.185547 0.106688
2.580000 294.178192 0.106816
2.590000 294.141937 0.106767
2.600000 294.085083 0.106549
2.610000 294.019012 0.106229
2.620000 293.941406 0.105935
2.630000 293.852051 0.105699
2.640000 293.768219 0.105533
2.650000 293.713562 0.105450
2.660000 293.727234 0.105495
2.670000 293.784363 0.105680
2.680000 293.854309 0.105933
2.690000 293.928162 0.106190
2.700000 293.997559 0.106383
2.710000 294.034821 0.106401
2.720000 294.005035 0.106173
2.730000 293.935699 0.105772
2.740000 293.853607 0.105289
2.750000 293.787292 0.104844
2.760000 293.769958 0.104654
2.770000 293.808289 0.104827
2.780000 293.873169 0.105217
2.790000 293.941284 0.105694
2.800000 293.989746 0.106130
2.810000 293.993347 0.106384
2.820000 293.955322 0.106444
2.830000 293.906677 0.106395
2.840000 293.869476 0.106292
2.850000 293.861603 0.106198
2.860000 293.893951 0.106195
2.870000 293.945099 0.106347
2.880000 293.989746 0.106594
2.890000 294.017792 0.106864
2.900000 294.026917 0.107086
2.910000 294.032593 0.107176
2.920000 294.050476 0.107134
2.930000 294.059448 0.106989
2.940000 294.051422 0.106756
2.950000 294.027618 0.106466
2.960000 294.015442 0.106199
2.970000 294.036835 0.106073
2.980000 294.075684 0.106090
2.990000 294.123779 0.106220
3.000000 294.173492 0.106409
3.010000 294.216370 0.106555
3.020000 294.237946 0.106543
3.030000 294.239227 0.106382
3.040000 294.222107 0.106093
3.050000 294.188965 0.105712
3.060000 294.138916 0.105295
3.070000 294.077057 0.104918
3.080000 294.022369 0.104582
3.090000 293.990173 0.104287
3.100000 293.993439 0.104034
3.110000 294.045013 0.103859
3.120000 294.136047 0.103815
3.130000 294.241119 0.103856
3.140000 294.340851 0.103930
3.150000 294.414978 0.103975
3.160000 294.432953 0.103909
3.170000 294.372498 0.103671
3.180000 294.260712 0.103286
3.190000 294.135254 0.102815
3.200000 294.039459 0.102351
3.210000 294.032715 0.102078
3.220000 294.103668 0.102156
3.230000 294.192627 0.102462
3.240000 294.271271 0.102869
3.250000 294.316345 0.103230
3.260000 294.300995 0.103323
3.270000 294.223663 0.103001
3.280000 294.130859 0.102436
3.290000 294.050018 0.101777
3.300000 294.001099 0.101178
3.310000 293.992218 0.100815
3.320000 294.015198 0.100754
3.330000 294.057434 0.100895
3.340000 294.110474 0.101165
3.350000 294.165863 0.101483
3.360000 294.214569 0.101749
3.370000 294.238434 0.101864
3.380000 294.219147 0.101806
3.390000 294.155579 0.101565
3.400000 294.060913 0.101164
3.410000 293.980469 0.100688
3.420000 293.979095 0.100371
3.430000 294.040314 0.100313
3.440000 294.144623 0.100523
3.450000 294.270630 0.100967
3.460000 294.398712 0.101544
3.470000 294.501190 0.102035
3.480000 294.556305 0.102321
3.490000 294.555664 0.102355
3.500000 294.500885 0.102134
3.510000 294.408875 0.101701
3.520000 294.315643 0.101209
3.530000 294.236847 0.100762
3.540000 294.181091 0.100406
3.550000 294.155487 0.100183
3.560000 294.171326 0.100154
3.570000 294.220947 0.100319
3.580000 294.275146 0.100510
3.590000 294.325500 0.100619
3.600000 294.369476 0.100566
3.610000 294.413910 0.100321
3.620000 294.443512 0.099988
3.630000 294.439117 0.099640
3.640000 294.402222 0.099285
3.650000 294.342438 0.098921
3.660000 294.281433 0.098541
3.670000 294.238770 0.098177
3.680000 294.219910 0.097880
3.690000 294.224792 0.097669
3.700000 294.249084 0.097542
3.710000 294.282440 0.097463
3.720000 294.325287 0.097347
3.730000 294.371033 0.097156
3.740000 294.398315 0.096860
3.750000 294.389160 0.096446
3.760000 294.333435 0.095922
3.770000 294.302307 0.095433
3.780000 294.330444 0.095099
3.790000 294.399689 0.094955
3.800000 294.479340 0.094996
3.810000 294.522278 0.095156
3.820000 294.513794 0.095263
3.830000 294.482269 0.095276
3.840000 294.438995 0.095223
3.850000 294.391571 0.095147
3.860000 294.341217 0.095104
3.870000 294.279602 0.095078
3.880000 294.213257 0.095027
3.890000 294.153717 0.094951
3.900000 294.112885 0.094862
3.910000 294.104858 0.094797
3.920000 294.141235 0.094832
3.930000 294.208069 0.094993
3.940000 294.287964 0.095268
3.950000 294.360657 0.095610
3.960000 294.398834 0.095909
3.970000 294.389404 0.095965
3.980000 294.349213 0.095789
3.990000 294.285950 0.095427
4.000000 294.208710 0.094953
4.010000 294.130157 0.094477
4.020000 294.073425 0.094174
4.030000 294.054504 0.094108
4.040000 294.085419 0.094303
4.050000 294.169220 0.094742
4.060000 294.296204 0.095361
4.070000 294.413361 0.095933
4.080000 294.500671 0.096312
4.090000 294.558838 0.096467
4.100000 294.587402 0.096404
4.110000 294.575714 0.096166
4.120000 294.508636 0.095849
4.130000 294.435486 0.095567
4.140000 294.389984 0.095376
4.150000 294.392212 0.095313
4.160000 294.441284 0.095396
4.170000 294.492004 0.095554
4.180000 294.522705 0.095657
4.190000 294.535248 0.095650
4.200000 294.537964 0.095511
4.210000 294.548248 0.095259
4.220000 294.578156 0.094998
4.230000 294.601288 0.094748
4.240000 294.604218 0.094481
4.250000 294.583801 0.094172
4.260000 294.553711 0.093811
4.270000 294.541992 0.093439
4.280000 294.540680 0.093106
4.290000 294.546875 0.092863
4.300000 294.560577 0.092763
4.310000 294.587921 0.092864
4.320000 294.618591 0.093101
4.330000 294.627197 0.093255
4.340000 294.605072 0.093224
4.350000 294.551849 0.092952
4.360000 294.477875 0.092433
4.370000 294.409546 0.091805
4.380000 294.355286 0.091246
4.390000 294.318787 0.090836
4.400000 294.305756 0.090616
4.410000 294.328674 0.090604
4.420000 294.402863 0.090737
4.430000 294.499084 0.090882
4.440000 294.596436 0.090989
4.450000 294.676392 0.091027
4.460000 294.721680 0.090985
4.470000 294.712708 0.090851
4.480000 294.655273 0.090618
4.490000 294.558472 0.090288
4.500000 294.440399 0.089889
4.510000 294.333801 0.089501
4.520000 294.286896 0.089311
4.530000 294.288788 0.089334
4.540000 294.327301 0.089528
4.550000 294.387939 0.089828
4.560000 294.453827 0.090132
4.570000 294.498077 0.090294
4.580000 294.508545 0.090277
4.590000 294.480499 0.090061
4.600000 294.416321 0.089656
4.610000 294.327057 0.089106
4.620000 294.245514 0.088546
4.630000 294.182892 0.088057
4.640000 294.140778 0.087651
4.650000 294.122437 0.087331
4.660000 294.136261 0.087098
4.670000 294.180786 0.086891
4.680000 294.214783 0.086451
4.690000 294.229523 0.085451
4.700000 294.235779 0.083526
4.710000 294.273041 0.080181
4.720000 294.420807 0.074481
4.730000 294.622253 0.066779
4.740000 294.770630 0.057286
4.750000 294.709961 0.046454
4.760000 294.193542 0.035051
4.770000 292.786926 0.025353
4.780000 291.506439 0.018331
4.790000 291.076874 0.013834
4.800000 291.923096 0.011475
4.810000 294.121063 0.010680
4.820000 296.184113 0.010379
4.830000 297.464050 0.009628
4.840000 298.119049 0.008364
4.850000 298.308502 0.006651
4.860000 298.131439 0.004660
4.870000 291.950623 0.002872
4.880000 287.925751 0.002024
4.890000 287.074554 0.001850
4.900000 289.147064 0.002137
4.910000 292.555206 0.002818
4.920000 293.220154 0.003410
4.930000 293.716583 0.003833
4.940000 294.186768 0.004077
4.950000 294.649292 0.004136
4.960000 295.051575 0.003999
4.970000 295.399536 0.003655
4.980000 295.735291 0.003218
4.990000 296.048767 0.002739
5.000000 296.319153 0.002265
5.010000 296.510498 0.001838
5.020000 296.571259 0.001505
5.030000 296.535400 0.001234
5.040000 296.383606 0.001007
5.050000 296.056854 0.000807
5.060000 295.438538 0.000622
5.070000 294.112976 0.000463
5.080000 292.709747 0.000342
5.090000 291.788910 0.000257
5.100000 291.687775 0.000203
5.110000 292.495697 0.000169
5.120000 293.719116 0.000137
5.130000 294.659393 0.000103
5.140000 294.649017 0.000069
5.150000 293.948334 0.000038
5.160000 293.948334 0.000001
