0.000000 572.505249 0.051243
0.010000 571.741943 0.091072
0.020000 572.080627 0.126462
0.030000 573.209839 0.152370
0.040000 574.781311 0.169439
0.050000 576.410828 0.183952
0.060000 577.768433 0.207233
0.070000 579.030640 0.233060
0.080000 580.312927 0.254648
0.090000 581.666931 0.267264
0.100000 583.082397 0.268180
0.110000 584.407043 0.259053
0.120000 585.545105 0.246834
0.130000 586.456116 0.233083
0.140000 587.128723 0.219140
0.150000 587.580505 0.206168
0.160000 587.804993 0.196441
0.170000 587.922974 0.188793
0.180000 588.028870 0.181474
0.190000 588.245117 0.172675
0.200000 588.721313 0.160529
0.210000 589.690125 0.144568
0.220000 590.595154 0.130422
0.230000 591.046631 0.120762
0.240000 590.854065 0.117154
0.250000 590.013123 0.120119
0.260000 589.012329 0.128597
0.270000 588.347717 0.137279
0.280000 588.007080 0.144820
0.290000 587.958801 0.150627
0.300000 588.148315 0.154775
0.310000 588.494812 0.158085
0.320000 588.810730 0.161517
0.330000 589.051453 0.164946
0.340000 589.200684 0.168077
0.350000 589.267273 0.170464
0.360000 589.273438 0.171457
0.370000 589.309143 0.171422
0.380000 589.418396 0.170281
0.390000 589.606689 0.167932
0.400000 589.845520 0.164282
0.410000 590.051270 0.159630
0.420000 590.225159 0.155487
0.430000 590.351990 0.152504
0.440000 590.389954 0.151001
0.450000 590.276611 0.151017
0.460000 589.936157 0.152896
0.470000 589.513428 0.156618
0.480000 589.055115 0.162474
0.490000 588.591248 0.170672
0.500000 588.142944 0.181300
0.510000 587.819641 0.194578
0.520000 587.681152 0.208465
0.530000 587.721802 0.221418
0.540000 587.912476 0.232072
0.550000 588.199219 0.239185
0.560000 588.469543 0.241223
0.570000 588.613953 0.240548
0.580000 588.596375 0.238574
0.590000 588.413391 0.236368
0.600000 588.093018 0.234812
0.610000 587.748474 0.234753
0.620000 587.509277 0.235529
0.630000 587.408997 0.236615
0.640000 587.455688 0.237524
0.650000 587.633179 0.237775
0.660000 587.882568 0.236672
0.670000 588.080017 0.234598
0.680000 588.190063 0.232011
0.690000 588.206604 0.229343
0.700000 588.146851 0.227040
0.710000 588.031189 0.225707
0.720000 587.864746 0.225323
0.730000 587.664001 0.226102
0.740000 587.464905 0.228205
0.750000 587.319885 0.231684
0.760000 587.311279 0.235930
0.770000 587.370300 0.239387
0.780000 587.452759 0.241582
0.790000 587.534241 0.242447
0.800000 587.599915 0.242242
0.810000 587.591370 0.241631
0.820000 587.470093 0.241337
0.830000 587.262146 0.241714
0.840000 587.003540 0.243041
0.850000 586.741821 0.245527
0.860000 586.539185 0.249365
0.870000 586.418091 0.253627
0.880000 586.376282 0.257705
0.890000 586.400391 0.261153
0.900000 586.465576 0.263614
0.910000 586.530579 0.264589
0.920000 586.548828 0.264663
0.930000 586.508179 0.264437
0.940000 586.418884 0.264421
0.950000 586.309570 0.265086
0.960000 586.249329 0.266828
0.970000 586.245300 0.269002
0.980000 586.282104 0.271087
0.990000 586.351257 0.272670
1.000000 586.445312 0.273392
1.010000 586.541504 0.272809
1.020000 586.595398 0.271564
1.030000 586.594360 0.270332
1.040000 586.533875 0.269706
1.050000 586.416382 0.270259
1.060000 586.238464 0.272838
1.070000 586.050598 0.276938
1.080000 585.896057 0.281911
1.090000 585.806213 0.287106
1.100000 585.804260 0.291785
1.110000 585.899353 0.294674
1.120000 586.009338 0.295742
1.130000 586.086365 0.295435
1.140000 586.116150 0.294185
1.150000 586.106567 0.292490
1.160000 586.109192 0.290812
1.170000 586.134583 0.289254
1.180000 586.164490 0.287847
1.190000 586.197205 0.286652
1.200000 586.239807 0.285735
1.210000 586.311401 0.285138
1.220000 586.385437 0.284541
1.230000 586.455872 0.283742
1.240000 586.530823 0.282597
1.250000 586.624268 0.280989
1.260000 586.727661 0.278692
1.270000 586.769531 0.275999
1.280000 586.726013 0.273508
1.290000 586.602295 0.271832
1.300000 586.424316 0.271602
1.310000 586.244873 0.273631
1.320000 586.106140 0.277063
1.330000 586.020386 0.281080
1.340000 585.985962 0.285065
1.350000 585.988403 0.288451
1.360000 585.969910 0.290516
1.370000 585.906921 0.291597
1.380000 585.831116 0.292203
1.390000 585.763367 0.292657
1.400000 585.719727 0.293197
1.410000 585.707275 0.293721
1.420000 585.726685 0.293860
1.430000 585.763245 0.293578
1.440000 585.798645 0.292953
1.450000 585.812561 0.292159
1.460000 585.796082 0.291613
1.470000 585.779846 0.291644
1.480000 585.778137 0.292170
1.490000 585.798279 0.292969
1.500000 585.842773 0.293718
1.510000 585.903015 0.293887
1.520000 585.942017 0.293480
1.530000 585.952087 0.292757
1.540000 585.939087 0.291964
1.550000 585.916504 0.291363
1.560000 585.902466 0.291290
1.570000 585.890869 0.291605
1.580000 585.883423 0.292089
1.590000 585.890076 0.292569
1.600000 585.924194 0.292862
1.610000 586.004944 0.292558
1.620000 586.108643 0.291430
1.630000 586.212769 0.289644
1.640000 586.305725 0.287411
1.650000 586.379944 0.285006
1.660000 586.427124 0.282757
1.670000 586.426819 0.280879
1.680000 586.368469 0.279662
1.690000 586.265076 0.279404
1.700000 586.145142 0.280352
1.710000 586.067749 0.282647
1.720000 586.018860 0.285425
1.730000 585.974121 0.288177
1.740000 585.943848 0.290572
1.750000 585.954529 0.292303
1.760000 586.065186 0.292619
1.770000 586.224487 0.291249
1.780000 586.360962 0.288636
1.790000 586.440613 0.285344
1.800000 586.449463 0.282086
1.810000 586.413452 0.279896
1.820000 586.388489 0.278683
1.830000 586.393311 0.277842
1.840000 586.445496 0.276934
1.850000 586.560974 0.275539
1.860000 586.762146 0.273083
1.870000 586.975830 0.269418
1.880000 587.135803 0.264834
1.890000 587.218628 0.259777
1.900000 587.222351 0.254865
1.910000 587.171814 0.251338
1.920000 587.079529 0.249701
1.930000 586.976440 0.249587
1.940000 586.911255 0.250522
1.950000 586.935852 0.251829
1.960000 587.082947 0.252179
1.970000 587.221802 0.250733
1.980000 587.295715 0.248020
1.990000 587.293091 0.244761
2.000000 587.219971 0.241840
2.010000 587.070068 0.240397
2.020000 586.880127 0.240437
2.030000 586.720154 0.241506
2.040000 586.630493 0.243245
2.050000 586.632996 0.245229
2.060000 586.700256 0.246726
2.070000 586.737427 0.247370
2.080000 586.741943 0.247534
2.090000 586.741150 0.247471
2.100000 586.770386 0.247374
2.110000 586.847717 0.247089
2.120000 586.913574 0.246367
2.130000 586.965393 0.245348
2.140000 587.008240 0.244175
2.150000 587.045105 0.242996
2.160000 587.041504 0.241917
2.170000 587.007263 0.241012
2.180000 586.999878 0.240345
2.190000 587.046814 0.239858
2.200000 587.161804 0.239375
2.210000 587.342102 0.238260
2.220000 587.551025 0.235882
2.230000 587.729004 0.232471
2.240000 587.835083 0.228414
2.250000 587.841919 0.224254
2.260000 587.754883 0.220939
2.270000 587.645508 0.218913
2.280000 587.547852 0.217851
2.290000 587.492554 0.217430
2.300000 587.509277 0.217243
2.310000 587.641968 0.216672
2.320000 587.839294 0.215236
2.330000 588.041931 0.212961
2.340000 588.219971 0.210016
2.350000 588.352905 0.206690
2.360000 588.422729 0.203506
2.370000 588.439087 0.200935
2.380000 588.397217 0.199014
2.390000 588.290344 0.197863
2.400000 588.124512 0.197604
2.410000 587.964111 0.198573
2.420000 587.930359 0.200118
2.430000 588.010986 0.201313
2.440000 588.167542 0.201652
2.450000 588.349182 0.200845
2.460000 588.504517 0.198970
2.470000 588.592896 0.197110
2.480000 588.596863 0.195745
2.490000 588.525269 0.194981
2.500000 588.404846 0.194785
2.510000 588.300903 0.195063
2.520000 588.241150 0.195772
2.530000 588.215637 0.196897
2.540000 588.226624 0.198348
2.550000 588.274109 0.199952
2.560000 588.343445 0.201329
2.570000 588.371399 0.202185
2.580000 588.345764 0.202796
2.590000 588.275452 0.203485
2.600000 588.178040 0.204587
2.610000 588.076172 0.206462
2.620000 587.937378 0.209001
2.630000 587.764648 0.212062
2.640000 587.595215 0.215576
2.650000 587.474670 0.219391
2.660000 587.452087 0.222978
2.670000 587.485474 0.225416
2.680000 587.564880 0.226505
2.690000 587.687866 0.226220
2.700000 587.839355 0.224689
2.710000 587.945007 0.222173
2.720000 587.930969 0.219471
2.730000 587.846924 0.217252
2.740000 587.735352 0.215808
2.750000 587.638855 0.215241
2.760000 587.597839 0.215322
2.770000 587.617859 0.215358
2.780000 587.677246 0.215138
2.790000 587.759033 0.214651
2.800000 587.841980 0.213943
2.810000 587.886353 0.213095
2.820000 587.871582 0.212348
2.830000 587.831299 0.211874
2.840000 587.790710 0.211710
2.850000 587.773193 0.211807
2.860000 587.801331 0.211960
2.870000 587.865356 0.211893
2.880000 587.932983 0.211609
2.890000 587.989868 0.211119
2.900000 588.029907 0.210426
2.910000 588.065002 0.209431
2.920000 588.095032 0.208043
2.930000 588.099548 0.206457
2.940000 588.081421 0.204903
2.950000 588.055359 0.203622
2.960000 588.064087 0.202903
2.970000 588.117554 0.202597
2.980000 588.189636 0.202320
2.990000 588.270020 0.201851
3.000000 588.350769 0.201024
3.010000 588.424622 0.199726
3.020000 588.470764 0.198094
3.030000 588.485657 0.196405
3.040000 588.470276 0.194889
3.050000 588.426880 0.193791
3.060000 588.351440 0.193511
3.070000 588.238037 0.194356
3.080000 588.118774 0.196075
3.090000 588.027222 0.198331
3.100000 587.996338 0.200656
3.110000 588.064758 0.202207
3.120000 588.211548 0.202221
3.130000 588.392578 0.200917
3.140000 588.583496 0.198548
3.150000 588.755676 0.195501
3.160000 588.851624 0.192415
3.170000 588.786560 0.190290
3.180000 588.610168 0.189515
3.190000 588.395935 0.190112
3.200000 588.222595 0.191825
3.210000 588.172791 0.193875
3.220000 588.223145 0.195061
3.230000 588.319336 0.195322
3.240000 588.433044 0.194926
3.250000 588.530273 0.194260
3.260000 588.542175 0.193856
3.270000 588.435730 0.194048
3.280000 588.292053 0.194783
3.290000 588.156372 0.196020
3.300000 588.060913 0.197647
3.310000 588.015503 0.199407
3.320000 588.020325 0.200790
3.330000 588.068604 0.201646
3.340000 588.152649 0.201881
3.350000 588.259644 0.201418
3.360000 588.366089 0.200069
3.370000 588.419861 0.198133
3.380000 588.398926 0.196404
3.390000 588.308594 0.195339
3.400000 588.172485 0.195216
3.410000 588.051758 0.196025
3.420000 588.028687 0.196826
3.430000 588.092041 0.196949
3.440000 588.229736 0.196172
3.450000 588.426086 0.194422
3.460000 588.667847 0.191716
3.470000 588.900513 0.188305
3.480000 589.064941 0.184593
3.490000 589.134888 0.180934
3.500000 589.100220 0.177755
3.510000 588.968262 0.175792
3.520000 588.776672 0.175626
3.530000 588.573547 0.176732
3.540000 588.397583 0.178722
3.550000 588.287720 0.181148
3.560000 588.297241 0.183445
3.570000 588.401794 0.185021
3.580000 588.508972 0.185902
3.590000 588.596619 0.186167
3.600000 588.663330 0.185942
3.610000 588.740295 0.185360
3.620000 588.810425 0.184489
3.630000 588.827393 0.183484
3.640000 588.786316 0.182572
3.650000 588.698364 0.181997
3.660000 588.598816 0.182079
3.670000 588.528259 0.182633
3.680000 588.493042 0.183093
3.690000 588.489990 0.183262
3.700000 588.513367 0.183054
3.710000 588.557739 0.182521
3.720000 588.623657 0.181647
3.730000 588.686584 0.180397
3.740000 588.722473 0.178860
3.750000 588.715332 0.177224
3.760000 588.665100 0.175876
3.770000 588.648010 0.174946
3.780000 588.696411 0.173867
3.790000 588.793274 0.172335
3.800000 588.908142 0.170241
3.810000 588.992493 0.167827
3.820000 589.024475 0.166107
3.830000 589.021667 0.165354
3.840000 588.982971 0.165489
3.850000 588.905396 0.166342
3.860000 588.780090 0.167714
3.870000 588.621765 0.169723
3.880000 588.465149 0.172332
3.890000 588.324219 0.175384
3.900000 588.212097 0.178608
3.910000 588.149414 0.181508
3.920000 588.187866 0.183369
3.930000 588.304443 0.184265
3.940000 588.458618 0.184318
3.950000 588.605103 0.183719
3.960000 588.690979 0.182704
3.970000 588.699402 0.181651
3.980000 588.656799 0.180771
3.990000 588.569946 0.180105
4.000000 588.449280 0.179677
4.010000 588.312866 0.179542
4.020000 588.212097 0.179919
4.030000 588.176086 0.180632
4.040000 588.218079 0.181346
4.050000 588.339417 0.181661
4.060000 588.527649 0.181007
4.070000 588.723938 0.179065
4.080000 588.895691 0.176421
4.090000 589.033142 0.173408
4.100000 589.124634 0.170358
4.110000 589.143494 0.167631
4.120000 589.063721 0.165751
4.130000 588.960144 0.164704
4.140000 588.884521 0.164330
4.150000 588.871887 0.164350
4.160000 588.933594 0.164307
4.170000 589.002563 0.163768
4.180000 589.038696 0.163044
4.190000 589.049438 0.162397
4.200000 589.052429 0.161996
4.210000 589.077820 0.161849
4.220000 589.118164 0.161475
4.230000 589.133484 0.160792
4.240000 589.121155 0.160009
4.250000 589.091248 0.159362
4.260000 589.072632 0.159113
4.270000 589.078430 0.159023
4.280000 589.091736 0.158693
4.290000 589.116272 0.158135
4.300000 589.155579 0.157489
4.310000 589.211731 0.157093
4.320000 589.249695 0.157268
4.330000 589.237366 0.157738
4.340000 589.166016 0.158382
4.350000 589.043030 0.159122
4.360000 588.898560 0.159957
4.370000 588.789673 0.160853
4.380000 588.712402 0.161724
4.390000 588.666260 0.162573
4.400000 588.655457 0.163387
4.410000 588.696106 0.164115
4.420000 588.797241 0.164315
4.430000 588.925964 0.163737
4.440000 589.074036 0.162321
4.450000 589.232056 0.160125
4.460000 589.385864 0.157336
4.470000 589.452637 0.154481
4.480000 589.393921 0.152173
4.490000 589.232117 0.150837
4.500000 589.013000 0.150750
4.510000 588.814331 0.152070
4.520000 588.701233 0.154284
4.530000 588.647766 0.156449
4.540000 588.650818 0.158252
4.550000 588.706360 0.159513
4.560000 588.810425 0.160174
4.570000 588.907837 0.160239
4.580000 588.933533 0.160044
4.590000 588.878357 0.159851
4.600000 588.755188 0.159906
4.610000 588.605530 0.160464
4.620000 588.479431 0.161568
4.630000 588.368835 0.162845
4.640000 588.280273 0.164153
4.650000 588.225830 0.165372
4.660000 588.228760 0.166387
4.670000 588.268860 0.166989
4.680000 588.252502 0.167045
4.690000 588.150391 0.166168
4.700000 587.963440 0.163738
4.710000 587.730042 0.158658
4.720000 587.475281 0.147842
4.730000 587.077271 0.131657
4.740000 586.405823 0.111431
4.750000 585.467590 0.089399
4.760000 584.465149 0.069097
4.770000 584.273376 0.054697
4.780000 585.015381 0.044522
4.790000 586.422058 0.037345
4.800000 588.159424 0.031847
4.810000 589.827454 0.026611
4.820000 591.988403 0.021425
4.830000 594.638489 0.017179
4.840000 596.775879 0.014100
4.850000 597.560364 0.012174
4.860000 596.345154 0.011123
4.870000 593.292725 0.011277
4.880000 590.817200 0.011924
4.890000 589.228516 0.012613
4.900000 588.510254 0.013037
4.910000 588.322021 0.013058
4.920000 588.350281 0.012535
4.930000 588.420044 0.011637
4.940000 588.498108 0.010436
4.950000 588.501770 0.009010
4.960000 588.268311 0.007438
4.970000 587.248535 0.005920
4.980000 585.809814 0.004720
4.990000 584.631104 0.003934
5.000000 584.214661 0.003582
5.010000 584.857361 0.003604
5.020000 585.999939 0.003877
5.030000 586.781067 0.004130
5.040000 587.181396 0.004278
5.050000 587.271179 0.004277
5.060000 587.200867 0.004118
5.070000 587.120117 0.003797
5.080000 587.099548 0.003394
5.090000 587.187805 0.002946
5.100000 587.441223 0.002493
5.110000 587.933105 0.002077
5.120000 588.677795 0.001750
5.130000 589.368042 0.001475
5.140000 589.809570 0.001230
5.150000 589.905640 0.000998
5.160000 589.665100 0.000772