0.000000 2914.672607 0.001214
0.010000 2914.477295 0.001961
0.020000 2913.693115 0.002839
0.030000 2920.665283 0.002481
0.040000 2934.316406 0.001273
0.050000 2944.291016 0.001324
0.060000 2954.265381 0.001375
0.070000 2950.821533 0.012393
0.080000 2942.972412 0.027012
0.090000 2935.123047 0.041631
0.100000 2927.327637 0.056191
0.110000 2931.319336 0.058007
0.120000 2935.154785 0.058297
0.130000 2938.313965 0.058955
0.140000 2940.428467 0.060648
0.150000 2941.278564 0.062882
0.160000 2941.209717 0.063813
0.170000 2941.724609 0.062197
0.180000 2943.299072 0.058965
0.190000 2945.771729 0.056192
0.200000 2948.386230 0.057006
0.210000 2949.773193 0.062484
0.220000 2949.860352 0.067566
0.230000 2948.979980 0.070666
0.240000 2947.491943 0.071087
0.250000 2945.801025 0.068954
0.260000 2944.679688 0.065532
0.270000 2944.391846 0.061886
0.280000 2944.826416 0.058070
0.290000 2945.719482 0.053921
0.300000 2946.655762 0.049090
0.310000 2946.859375 0.043041
0.320000 2946.516846 0.037236
0.330000 2946.122803 0.032576
0.340000 2946.031006 0.029608
0.350000 2946.470947 0.028573
0.360000 2946.901611 0.029752
0.370000 2947.147949 0.031797
0.380000 2947.583252 0.034207
0.390000 2948.294678 0.036657
0.400000 2949.125732 0.038942
0.410000 2949.461182 0.040364
0.420000 2949.575684 0.040846
0.430000 2949.695801 0.040699
0.440000 2949.802734 0.040202
0.450000 2949.676025 0.039619
0.460000 2948.662842 0.038972
0.470000 2946.953857 0.038523
0.480000 2944.678955 0.038737
0.490000 2942.077637 0.040251
0.500000 2939.509521 0.043803
0.510000 2938.003174 0.049484
0.520000 2937.493164 0.054516
0.530000 2937.838379 0.057552
0.540000 2938.888916 0.057939
0.550000 2940.449707 0.055631
0.560000 2941.953369 0.052084
0.570000 2942.563232 0.049311
0.580000 2942.236572 0.048017
0.590000 2941.134033 0.048475
0.600000 2939.604492 0.050546
0.610000 2938.296875 0.052280
0.620000 2937.403076 0.051933
0.630000 2936.946045 0.049400
0.640000 2936.982910 0.044964
0.650000 2937.582275 0.039289
0.660000 2938.859375 0.033986
0.670000 2940.035889 0.030237
0.680000 2940.715576 0.028039
0.690000 2940.852783 0.027261
0.700000 2940.661865 0.027620
0.710000 2940.436035 0.028409
0.720000 2939.808105 0.028695
0.730000 2938.647217 0.028566
0.740000 2937.125488 0.028334
0.750000 2935.660156 0.028463
0.760000 2935.246826 0.028975
0.770000 2935.680908 0.029470
0.780000 2936.429688 0.029838
0.790000 2937.058838 0.029952
0.800000 2937.188965 0.029687
0.810000 2936.726562 0.029178
0.820000 2936.099854 0.028951
0.830000 2935.418945 0.029206
0.840000 2934.679443 0.030055
0.850000 2933.811279 0.031534
0.860000 2932.817627 0.033660
0.870000 2932.043213 0.035922
0.880000 2931.692139 0.037925
0.890000 2931.819092 0.039444
0.900000 2932.355957 0.040381
0.910000 2932.963867 0.040788
0.920000 2933.253418 0.040833
0.930000 2933.131348 0.040587
0.940000 2932.630127 0.040203
0.950000 2931.889893 0.039898
0.960000 2931.326904 0.040000
0.970000 2931.170898 0.040405
0.980000 2931.356689 0.040993
0.990000 2931.808838 0.041648
1.000000 2932.426514 0.042238
1.010000 2933.050293 0.042501
1.020000 2933.474365 0.042234
1.030000 2933.574707 0.041463
1.040000 2933.268799 0.040357
1.050000 2932.513916 0.039226
1.060000 2931.311523 0.038904
1.070000 2930.121582 0.039558
1.080000 2929.204590 0.040816
1.090000 2928.697510 0.042296
1.100000 2928.657471 0.043567
1.110000 2929.117676 0.044154
1.120000 2929.725830 0.044225
1.130000 2930.205566 0.044045
1.140000 2930.439209 0.043857
1.150000 2930.418701 0.043914
1.160000 2930.474854 0.044572
1.170000 2930.749268 0.045461
1.180000 2931.061523 0.046235
1.190000 2931.308350 0.046692
1.200000 2931.434326 0.046731
1.210000 2931.573486 0.046589
1.220000 2931.842529 0.046782
1.230000 2932.219238 0.047360
1.240000 2932.681152 0.048184
1.250000 2933.197754 0.048971
1.260000 2933.702393 0.048980
1.270000 2933.965576 0.048078
1.280000 2933.810303 0.046613
1.290000 2933.170410 0.045080
1.300000 2932.077637 0.044110
1.310000 2930.859375 0.044762
1.320000 2929.986816 0.046644
1.330000 2929.536865 0.049167
1.340000 2929.472412 0.051837
1.350000 2929.660645 0.054145
1.360000 2929.720947 0.055275
1.370000 2929.455566 0.055325
1.380000 2929.038574 0.054983
1.390000 2928.615723 0.054787
1.400000 2928.326172 0.055211
1.410000 2928.277100 0.056494
1.420000 2928.401855 0.057900
1.430000 2928.584961 0.058922
1.440000 2928.741211 0.059291
1.450000 2928.801758 0.058895
1.460000 2928.773926 0.057999
1.470000 2928.751709 0.057359
1.480000 2928.769043 0.057097
1.490000 2928.861572 0.057103
1.500000 2929.061768 0.057134
1.510000 2929.365479 0.056797
1.520000 2929.587158 0.056161
1.530000 2929.682861 0.055488
1.540000 2929.675293 0.054986
1.550000 2929.626953 0.054837
1.560000 2929.642578 0.055148
1.570000 2929.664307 0.055575
1.580000 2929.635010 0.055882
1.590000 2929.584229 0.055964
1.600000 2929.593262 0.055791
1.610000 2929.887207 0.055431
1.620000 2930.427002 0.055011
1.630000 2931.047363 0.054468
1.640000 2931.637207 0.053736
1.650000 2932.105957 0.052763
1.660000 2932.391113 0.051574
1.670000 2932.416992 0.050347
1.680000 2932.137451 0.049258
1.690000 2931.602539 0.048532
1.700000 2930.936523 0.048395
1.710000 2930.445557 0.049008
1.720000 2930.135498 0.049801
1.730000 2929.866943 0.050469
1.740000 2929.655518 0.050885
1.750000 2929.598633 0.050995
1.760000 2930.032227 0.050726
1.770000 2930.898438 0.050165
1.780000 2931.797852 0.049409
1.790000 2932.444092 0.048554
1.800000 2932.624268 0.047757
1.810000 2932.398193 0.047650
1.820000 2932.233398 0.048346
1.830000 2932.303467 0.049309
1.840000 2932.676025 0.050100
1.850000 2933.369629 0.050286
1.860000 2934.434326 0.049282
1.870000 2935.582520 0.047314
1.880000 2936.502930 0.044744
1.890000 2937.035156 0.041871
1.900000 2937.093018 0.039035
1.910000 2936.648193 0.036838
1.920000 2935.798584 0.035554
1.930000 2934.876465 0.035268
1.940000 2934.231201 0.035828
1.950000 2934.204102 0.036892
1.960000 2935.044434 0.037680
1.970000 2935.953125 0.037767
1.980000 2936.432861 0.037275
1.990000 2936.364990 0.036595
2.000000 2935.797119 0.036252
2.010000 2934.887939 0.036918
2.020000 2933.924072 0.038220
2.030000 2933.132812 0.039735
2.040000 2932.681885 0.041277
2.050000 2932.685791 0.042733
2.060000 2933.120117 0.044073
2.070000 2933.438965 0.045209
2.080000 2933.519043 0.046038
2.090000 2933.478271 0.046511
2.100000 2933.521973 0.046584
2.110000 2933.874268 0.045947
2.120000 2934.346680 0.044445
2.130000 2934.812744 0.042442
2.140000 2935.210205 0.040383
2.150000 2935.492676 0.038766
2.160000 2935.561279 0.038140
2.170000 2935.544189 0.038057
2.180000 2935.629883 0.037928
2.190000 2935.950684 0.037500
2.200000 2936.619873 0.036670
2.210000 2937.816406 0.035625
2.220000 2939.239502 0.034849
2.230000 2940.226562 0.034180
2.240000 2940.471436 0.033587
2.250000 2939.875732 0.033160
2.260000 2938.795410 0.033568
2.270000 2937.902100 0.034661
2.280000 2937.357666 0.035797
2.290000 2937.216064 0.036598
2.300000 2937.476807 0.036778
2.310000 2938.139648 0.036118
2.320000 2939.003418 0.034862
2.330000 2939.945312 0.033308
2.340000 2940.881104 0.031702
2.350000 2941.712891 0.030300
2.360000 2942.200684 0.029477
2.370000 2942.258545 0.029502
2.380000 2941.909912 0.030242
2.390000 2941.136963 0.031542
2.400000 2940.010742 0.033200
2.410000 2939.044678 0.034969
2.420000 2939.057861 0.036045
2.430000 2939.957031 0.036434
2.440000 2941.356689 0.036469
2.450000 2942.729736 0.036563
2.460000 2943.365967 0.036939
2.470000 2943.179688 0.037591
2.480000 2942.519531 0.038482
2.490000 2941.736328 0.039571
2.500000 2941.179688 0.040769
2.510000 2941.108154 0.041796
2.520000 2941.180664 0.042449
2.530000 2941.233887 0.042763
2.540000 2941.321533 0.042789
2.550000 2941.533691 0.042612
2.560000 2941.886475 0.042357
2.570000 2941.980713 0.042205
2.580000 2941.778076 0.042226
2.590000 2941.348145 0.042363
2.600000 2940.807373 0.042468
2.610000 2940.312744 0.042073
2.620000 2939.709961 0.040711
2.630000 2938.840088 0.038608
2.640000 2937.787354 0.036068
2.650000 2936.735596 0.033427
2.660000 2936.047852 0.030916
2.670000 2935.968750 0.028622
2.680000 2936.535645 0.026600
2.690000 2937.689697 0.025023
2.700000 2939.186035 0.024069
2.710000 2940.124023 0.023957
2.720000 2939.976807 0.024432
2.730000 2939.298096 0.025484
2.740000 2938.530029 0.026971
2.750000 2938.078857 0.028659
2.760000 2938.254883 0.030117
2.770000 2938.796875 0.031121
2.780000 2939.315918 0.031641
2.790000 2939.654297 0.031641
2.800000 2939.730225 0.031151
2.810000 2939.545410 0.030356
2.820000 2939.319580 0.029757
2.830000 2939.170654 0.029560
2.840000 2939.106689 0.029785
2.850000 2939.113525 0.030349
2.860000 2939.195801 0.030980
2.870000 2939.424561 0.031245
2.880000 2939.713135 0.031133
2.890000 2940.007080 0.030771
2.900000 2940.281738 0.030359
2.910000 2940.619141 0.030239
2.920000 2940.922363 0.030513
2.930000 2940.924561 0.030930
2.940000 2940.634277 0.031437
2.950000 2940.193115 0.032016
2.960000 2940.030273 0.032661
2.970000 2940.426270 0.033172
2.980000 2941.086914 0.033600
2.990000 2941.788330 0.033988
3.000000 2942.323242 0.034376
3.010000 2942.501221 0.034786
3.020000 2942.381836 0.035286
3.030000 2942.178711 0.035939
3.040000 2941.965576 0.036727
3.050000 2941.761475 0.037577
3.060000 2941.455078 0.038281
3.070000 2940.942627 0.038688
3.080000 2940.424561 0.038937
3.090000 2940.085205 0.039049
3.100000 2940.099609 0.039021
3.110000 2940.674561 0.038761
3.120000 2941.639160 0.038424
3.130000 2942.621094 0.038185
3.140000 2943.402588 0.038086
3.150000 2943.802734 0.038118
3.160000 2943.615479 0.038209
3.170000 2942.766846 0.038380
3.180000 2941.716797 0.038853
3.190000 2940.903320 0.039582
3.200000 2940.688232 0.040414
3.210000 2941.247559 0.041026
3.220000 2942.005371 0.041266
3.230000 2942.567871 0.041092
3.240000 2942.858398 0.040578
3.250000 2942.844238 0.039876
3.260000 2942.406006 0.039296
3.270000 2941.670654 0.039390
3.280000 2941.060791 0.040069
3.290000 2940.709717 0.040990
3.300000 2940.635742 0.041728
3.310000 2940.660400 0.041719
3.320000 2940.687744 0.040727
3.330000 2940.829102 0.039152
3.340000 2941.106689 0.037294
3.350000 2941.494141 0.035480
3.360000 2941.867920 0.034164
3.370000 2941.961182 0.033682
3.380000 2941.622559 0.033767
3.390000 2940.924561 0.034279
3.400000 2940.084717 0.035029
3.410000 2939.645752 0.035681
3.420000 2940.096924 0.035628
3.430000 2941.027100 0.035208
3.440000 2942.098389 0.034700
3.450000 2943.036377 0.034367
3.460000 2943.742676 0.034442
3.470000 2944.303955 0.035004
3.480000 2944.608398 0.035786
3.490000 2944.579346 0.036627
3.500000 2944.205322 0.037394
3.510000 2943.601074 0.037999
3.520000 2942.970703 0.038556
3.530000 2942.389160 0.039322
3.540000 2941.966553 0.040337
3.550000 2941.832764 0.041490
3.560000 2942.206299 0.042317
3.570000 2942.852783 0.042397
3.580000 2943.288574 0.042032
3.590000 2943.461670 0.041480
3.600000 2943.459717 0.040964
3.610000 2943.591553 0.040592
3.620000 2943.873535 0.040224
3.630000 2943.938965 0.039926
3.640000 2943.740723 0.039811
3.650000 2943.333008 0.039941
3.660000 2942.918701 0.040264
3.670000 2942.680908 0.040501
3.680000 2942.622559 0.040671
3.690000 2942.733887 0.040781
3.700000 2942.970215 0.040806
3.710000 2943.218262 0.040610
3.720000 2943.417480 0.040090
3.730000 2943.590820 0.039456
3.740000 2943.650146 0.038847
3.750000 2943.523193 0.038372
3.760000 2943.184082 0.038099
3.770000 2943.142578 0.037671
3.780000 2943.579346 0.036792
3.790000 2944.251465 0.035559
3.800000 2944.824707 0.034186
3.810000 2944.838867 0.033052
3.820000 2944.476562 0.032684
3.830000 2944.169922 0.032805
3.840000 2943.967773 0.033181
3.850000 2943.826172 0.033634
3.860000 2943.568604 0.034126
3.870000 2943.136963 0.034850
3.880000 2942.624023 0.035752
3.890000 2942.084473 0.036696
3.900000 2941.607178 0.037506
3.910000 2941.384277 0.037916
3.920000 2941.750488 0.037604
3.930000 2942.440186 0.036966
3.940000 2943.111084 0.036304
3.950000 2943.474609 0.035885
3.960000 2943.351318 0.035948
3.970000 2943.036133 0.036441
3.980000 2942.749268 0.036907
3.990000 2942.458008 0.037206
4.000000 2942.106445 0.037279
4.010000 2941.632080 0.037173
4.020000 2941.210693 0.036889
4.030000 2941.087646 0.036402
4.040000 2941.413574 0.035761
4.050000 2942.232178 0.035099
4.060000 2943.426025 0.034731
4.070000 2944.291748 0.034904
4.080000 2944.706787 0.035232
4.090000 2944.814941 0.035606
4.100000 2944.749268 0.035953
4.110000 2944.546387 0.036223
4.120000 2944.079346 0.036464
4.130000 2943.693115 0.036625
4.140000 2943.643311 0.036519
4.150000 2944.046875 0.036038
4.160000 2944.789307 0.035224
4.170000 2945.213867 0.034295
4.180000 2945.244629 0.033287
4.190000 2945.069824 0.032191
4.200000 2944.926270 0.030971
4.210000 2945.118164 0.029523
4.220000 2945.514160 0.027834
4.230000 2945.693115 0.026128
4.240000 2945.622070 0.024611
4.250000 2945.376709 0.023428
4.260000 2945.183105 0.022635
4.270000 2945.136475 0.021850
4.280000 2945.196777 0.020944
4.290000 2945.417480 0.020044
4.300000 2945.814453 0.019297
4.310000 2946.337158 0.018879
4.320000 2946.590088 0.018693
4.330000 2946.430420 0.018532
4.340000 2945.878418 0.018441
4.350000 2945.049805 0.018521
4.360000 2944.197754 0.018972
4.370000 2943.758545 0.019922
4.380000 2943.614014 0.021117
4.390000 2943.659912 0.022411
4.400000 2943.829834 0.023647
4.410000 2944.137695 0.024615
4.420000 2944.689941 0.024923
4.430000 2945.293213 0.024598
4.440000 2945.848633 0.023702
4.450000 2946.294678 0.022353
4.460000 2946.617188 0.020729
4.470000 2946.618896 0.019198
4.480000 2946.155762 0.018161
4.490000 2945.338623 0.017918
4.500000 2944.389648 0.018604
4.510000 2943.698242 0.020161
4.520000 2943.631836 0.021911
4.530000 2943.862305 0.023331
4.540000 2944.245361 0.024298
4.550000 2944.658691 0.024790
4.560000 2945.002197 0.024875
4.570000 2945.013672 0.024786
4.580000 2944.624268 0.024837
4.590000 2943.981445 0.025196
4.600000 2943.291748 0.025925
4.610000 2942.848633 0.026953
4.620000 2942.693115 0.027960
4.630000 2942.480225 0.028841
4.640000 2942.186768 0.029527
4.650000 2941.866699 0.029889
4.660000 2941.677490 0.029671
4.670000 2941.664062 0.028382
4.680000 2941.618652 0.026201
4.690000 2941.608887 0.023134
4.700000 2941.874512 0.019280
4.710000 2942.934814 0.014848
4.720000 2944.698730 0.011173
4.730000 2945.531006 0.008730
4.740000 2945.255615 0.007414
4.750000 2944.117920 0.006946
4.760000 2942.878174 0.006865
4.770000 2942.525146 0.006480
4.780000 2942.503418 0.005849
4.790000 2942.772705 0.005078
4.800000 2943.223389 0.004278
4.810000 2943.618408 0.003568
4.820000 2943.510498 0.003070
4.830000 2943.160889 0.002710
4.840000 2942.794189 0.002421
4.850000 2942.573975 0.002147
4.860000 2942.589355 0.001844
4.870000 2942.989502 0.001521
4.880000 2943.645752 0.001220
4.890000 2944.440918 0.000957
4.900000 2945.281982 0.000742
4.910000 2946.109619 0.000576
4.920000 2946.445068 0.000468
4.930000 2945.937256 0.000389
4.940000 2944.682617 0.000332
4.950000 2943.116699 0.000286
4.960000 2942.124268 0.000239
4.970000 2942.695312 0.000186
4.980000 2944.070557 0.000138
4.990000 2945.514160 0.000098
5.000000 2945.475586 0.000067
5.010000 2941.208740 0.000043
5.020000 2936.740234 0.000041
5.030000 2935.552002 0.000047
5.040000 2936.515869 0.000055
5.050000 2938.057617 0.000061
5.060000 2938.154053 0.000062
5.070000 2937.901367 0.000054
5.080000 2938.022461 0.000043
5.090000 2938.158447 0.000022
5.100000 3241.893799 0.000057
5.110000 3242.521973 0.000050
5.120000 3241.883301 0.000043
5.130000 3241.706055 0.000017