0.000000 2552.538086 0.006128
0.010000 2556.176758 0.010967
0.020000 2561.177490 0.015471
0.030000 2567.774902 0.018986
0.040000 2577.197998 0.021952
0.050000 2591.644287 0.025882
0.060000 2608.613525 0.028670
0.070000 2619.037109 0.035794
0.080000 2626.024170 0.043719
0.090000 2631.466553 0.050628
0.100000 2636.094238 0.056360
0.110000 2639.285400 0.061238
0.120000 2641.823242 0.065755
0.130000 2643.860352 0.069902
0.140000 2645.443115 0.073454
0.150000 2646.523438 0.075981
0.160000 2647.038086 0.076743
0.170000 2647.597656 0.076663
0.180000 2648.493652 0.076048
0.190000 2649.859131 0.075068
0.200000 2651.677246 0.073770
0.210000 2653.660889 0.070997
0.220000 2654.983887 0.066154
0.230000 2655.173340 0.059650
0.240000 2654.047852 0.052940
0.250000 2651.714600 0.048451
0.260000 2649.868652 0.050176
0.270000 2649.416992 0.054303
0.280000 2649.880859 0.059658
0.290000 2650.736328 0.065080
0.300000 2651.402588 0.069374
0.310000 2651.509521 0.070439
0.320000 2651.411865 0.069682
0.330000 2651.357178 0.068044
0.340000 2651.487061 0.066169
0.350000 2651.850586 0.064478
0.360000 2652.150879 0.063150
0.370000 2652.393311 0.062185
0.380000 2652.786865 0.061704
0.390000 2653.383545 0.061670
0.400000 2654.098877 0.061896
0.410000 2654.501465 0.061686
0.420000 2654.794189 0.061184
0.430000 2655.072510 0.060792
0.440000 2655.263428 0.060696
0.450000 2655.157715 0.060915
0.460000 2654.420654 0.061454
0.470000 2653.341064 0.062438
0.480000 2651.902100 0.063545
0.490000 2650.073486 0.064348
0.500000 2647.833984 0.064326
0.510000 2645.584229 0.062743
0.520000 2644.076172 0.060064
0.530000 2643.604248 0.056909
0.540000 2644.232422 0.054151
0.550000 2645.800049 0.052879
0.560000 2647.365479 0.053987
0.570000 2647.938232 0.055003
0.580000 2647.652344 0.055382
0.590000 2646.702881 0.054963
0.600000 2645.360840 0.053876
0.610000 2643.910156 0.052111
0.620000 2642.925293 0.050301
0.630000 2642.664307 0.048790
0.640000 2643.201904 0.047884
0.650000 2644.443604 0.047851
0.660000 2645.827637 0.048601
0.670000 2646.644531 0.048802
0.680000 2646.912842 0.048277
0.690000 2646.771973 0.047167
0.700000 2646.462891 0.045856
0.710000 2646.119385 0.044580
0.720000 2645.490234 0.043241
0.730000 2644.549316 0.042103
0.740000 2643.460693 0.041484
0.750000 2642.541748 0.041720
0.760000 2642.464600 0.042767
0.770000 2642.968262 0.044114
0.780000 2643.630371 0.045629
0.790000 2644.174561 0.047117
0.800000 2644.409668 0.048313
0.810000 2644.176025 0.048569
0.820000 2643.540527 0.047883
0.830000 2642.615479 0.046633
0.840000 2641.514648 0.045192
0.850000 2640.373779 0.043947
0.860000 2639.433350 0.043058
0.870000 2638.875977 0.042039
0.880000 2638.765869 0.040634
0.890000 2639.029785 0.038882
0.900000 2639.477783 0.037036
0.910000 2639.685547 0.035776
0.920000 2639.544189 0.035146
0.930000 2639.128906 0.034917
0.940000 2638.551514 0.034897
0.950000 2637.969238 0.034897
0.960000 2637.732666 0.034797
0.970000 2637.915527 0.034703
0.980000 2638.396240 0.034710
0.990000 2639.072754 0.034845
1.000000 2639.833252 0.035080
1.010000 2640.461182 0.035241
1.020000 2640.768799 0.035099
1.030000 2640.622070 0.034527
1.040000 2639.915283 0.033532
1.050000 2638.591797 0.032252
1.060000 2636.830322 0.031502
1.070000 2635.390137 0.031694
1.080000 2634.505371 0.032521
1.090000 2634.260986 0.033683
1.100000 2634.638916 0.034844
1.110000 2635.718018 0.035600
1.120000 2636.944824 0.036283
1.130000 2637.811035 0.037112
1.140000 2638.127197 0.038213
1.150000 2637.922852 0.039655
1.160000 2637.780518 0.041368
1.170000 2638.034180 0.042643
1.180000 2638.400146 0.043272
1.190000 2638.669189 0.043202
1.200000 2638.682617 0.042515
1.210000 2638.599609 0.041642
1.220000 2638.804688 0.041238
1.230000 2639.288818 0.041468
1.240000 2639.968018 0.042240
1.250000 2640.697266 0.043256
1.260000 2641.229736 0.043680
1.270000 2641.318604 0.043164
1.280000 2640.794922 0.041932
1.290000 2639.635742 0.040438
1.300000 2637.968994 0.039304
1.310000 2636.544434 0.039312
1.320000 2635.812256 0.039827
1.330000 2635.656982 0.040449
1.340000 2635.903809 0.041007
1.350000 2636.298340 0.041449
1.360000 2636.350586 0.041985
1.370000 2636.059326 0.042997
1.380000 2635.724121 0.044555
1.390000 2635.499023 0.046573
1.400000 2635.462646 0.048849
1.410000 2635.538086 0.050977
1.420000 2635.706787 0.052523
1.430000 2635.926514 0.053397
1.440000 2636.132568 0.053614
1.450000 2636.249268 0.053290
1.460000 2636.213867 0.052720
1.470000 2636.126221 0.052336
1.480000 2636.077637 0.052107
1.490000 2636.137939 0.051846
1.500000 2636.355469 0.051285
1.510000 2636.672607 0.050129
1.520000 2636.813965 0.048851
1.530000 2636.764404 0.047883
1.540000 2636.603760 0.047416
1.550000 2636.466064 0.047489
1.560000 2636.538818 0.047832
1.570000 2636.628662 0.047988
1.580000 2636.600342 0.047914
1.590000 2636.498779 0.047666
1.600000 2636.470215 0.047345
1.610000 2636.882568 0.046986
1.620000 2637.652100 0.046508
1.630000 2638.456543 0.045868
1.640000 2639.100830 0.045076
1.650000 2639.452881 0.044183
1.660000 2639.513428 0.043386
1.670000 2639.353027 0.042680
1.680000 2638.909668 0.041996
1.690000 2638.199463 0.041404
1.700000 2637.318359 0.041023
1.710000 2636.675781 0.040993
1.720000 2636.373047 0.041002
1.730000 2636.208496 0.041044
1.740000 2636.168701 0.041184
1.750000 2636.341797 0.041493
1.760000 2637.179688 0.041896
1.770000 2638.530762 0.042275
1.780000 2639.663574 0.042549
1.790000 2640.146484 0.042633
1.800000 2639.749512 0.042531
1.810000 2638.922119 0.043012
1.820000 2638.683594 0.043888
1.830000 2639.112061 0.044686
1.840000 2640.059814 0.045234
1.850000 2641.259033 0.045470
1.860000 2642.444092 0.045269
1.870000 2643.346924 0.044840
1.880000 2643.813721 0.044306
1.890000 2643.817871 0.043719
1.900000 2643.411621 0.043110
1.910000 2642.720215 0.042462
1.920000 2641.842285 0.041997
1.930000 2641.012207 0.042128
1.940000 2640.564697 0.042919
1.950000 2640.840332 0.044263
1.960000 2642.034668 0.045938
1.970000 2643.027100 0.047656
1.980000 2643.343994 0.048717
1.990000 2642.930420 0.048915
2.000000 2641.939209 0.048301
2.010000 2640.739990 0.047345
2.020000 2639.815186 0.046780
2.030000 2639.301025 0.046705
2.040000 2639.259033 0.046988
2.050000 2639.669189 0.047384
2.060000 2640.283936 0.047576
2.070000 2640.485840 0.047417
2.080000 2640.266846 0.046932
2.090000 2639.905029 0.046150
2.100000 2639.796875 0.045126
2.110000 2640.433350 0.043970
2.120000 2641.288818 0.043403
2.130000 2641.945312 0.043418
2.140000 2642.281006 0.043845
2.150000 2642.288330 0.044412
2.160000 2642.026855 0.044738
2.170000 2641.849121 0.044782
2.180000 2641.926270 0.044786
2.190000 2642.294678 0.044999
2.200000 2642.929932 0.045687
2.210000 2643.780273 0.047264
2.220000 2644.682861 0.049543
2.230000 2645.299561 0.051767
2.240000 2645.446777 0.053381
2.250000 2645.052246 0.053957
2.260000 2644.329834 0.053380
2.270000 2643.696777 0.052059
2.280000 2643.322266 0.050436
2.290000 2643.293213 0.048906
2.300000 2643.653809 0.047846
2.310000 2644.447021 0.047611
2.320000 2645.369385 0.047774
2.330000 2646.210938 0.047774
2.340000 2646.910889 0.047413
2.350000 2647.450195 0.046656
2.360000 2647.778564 0.045758
2.370000 2647.865723 0.045210
2.380000 2647.653809 0.044974
2.390000 2647.060547 0.044890
2.400000 2646.087402 0.044769
2.410000 2645.147461 0.044525
2.420000 2645.131104 0.043970
2.430000 2645.915771 0.043459
2.440000 2647.096680 0.043319
2.450000 2648.171631 0.043769
2.460000 2648.675537 0.044534
2.470000 2648.762207 0.045160
2.480000 2648.564941 0.045395
2.490000 2648.202881 0.045211
2.500000 2647.813477 0.044678
2.510000 2647.582031 0.044004
2.520000 2647.350098 0.043275
2.530000 2647.131104 0.042530
2.540000 2647.066650 0.041876
2.550000 2647.284668 0.041463
2.560000 2647.716064 0.041616
2.570000 2647.811523 0.042044
2.580000 2647.550293 0.042323
2.590000 2647.049805 0.042280
2.600000 2646.467041 0.041811
2.610000 2645.912842 0.040751
2.620000 2645.117920 0.039172
2.630000 2644.048096 0.037732
2.640000 2642.981445 0.036914
2.650000 2642.289307 0.037040
2.660000 2642.464111 0.037989
2.670000 2643.234375 0.039225
2.680000 2644.213135 0.040456
2.690000 2645.251221 0.041632
2.700000 2646.182129 0.042720
2.710000 2646.513916 0.043515
2.720000 2646.085449 0.043758
2.730000 2645.379395 0.043746
2.740000 2644.688965 0.043575
2.750000 2644.253174 0.043319
2.760000 2644.240723 0.043102
2.770000 2644.569092 0.043168
2.780000 2645.016357 0.043445
2.790000 2645.432129 0.043757
2.800000 2645.684570 0.043903
2.810000 2645.655029 0.043653
2.820000 2645.451660 0.043269
2.830000 2645.250488 0.043116
2.840000 2645.126465 0.043326
2.850000 2645.125244 0.043904
2.860000 2645.277344 0.044601
2.870000 2645.534668 0.044946
2.880000 2645.777344 0.044911
2.890000 2645.961914 0.044585
2.900000 2646.090820 0.044115
2.910000 2646.294678 0.043740
2.920000 2646.526855 0.043561
2.930000 2646.536865 0.043407
2.940000 2646.324219 0.043234
2.950000 2646.015869 0.043030
2.960000 2646.038330 0.042833
2.970000 2646.535645 0.042692
2.980000 2647.154541 0.042666
2.990000 2647.729004 0.042718
3.000000 2648.148438 0.042771
3.010000 2648.383301 0.042674
3.020000 2648.444336 0.042337
3.030000 2648.399170 0.041889
3.040000 2648.269043 0.041409
3.050000 2648.050049 0.040942
3.060000 2647.644287 0.040407
3.070000 2646.952393 0.039678
3.080000 2646.219482 0.038942
3.090000 2645.709961 0.038326
3.100000 2645.673096 0.037938
3.110000 2646.366943 0.037896
3.120000 2647.424072 0.038440
3.130000 2648.418701 0.039413
3.140000 2649.236084 0.040657
3.150000 2649.803223 0.041966
3.160000 2649.959717 0.042989
3.170000 2649.379883 0.043129
3.180000 2648.349609 0.042691
3.190000 2647.337158 0.041948
3.200000 2646.791260 0.041162
3.210000 2647.022217 0.040523
3.220000 2647.534180 0.040416
3.230000 2647.988770 0.040667
3.240000 2648.326172 0.041158
3.250000 2648.491211 0.041737
3.260000 2648.253662 0.042125
3.270000 2647.537109 0.042043
3.280000 2646.841309 0.041710
3.290000 2646.356201 0.041230
3.300000 2646.144287 0.040720
3.310000 2646.028076 0.040368
3.320000 2646.022949 0.040165
3.330000 2646.275879 0.039962
3.340000 2646.738281 0.039738
3.350000 2647.291016 0.039519
3.360000 2647.696777 0.039433
3.370000 2647.759521 0.039627
3.380000 2647.449219 0.039924
3.390000 2646.839111 0.040172
3.400000 2646.117432 0.040230
3.410000 2645.768311 0.039967
3.420000 2646.187256 0.039502
3.430000 2646.987061 0.039293
3.440000 2647.915039 0.039482
3.450000 2648.798828 0.040107
3.460000 2649.675537 0.041108
3.470000 2650.518066 0.042602
3.480000 2651.057129 0.044337
3.490000 2651.196045 0.046059
3.500000 2650.924805 0.047508
3.510000 2650.354980 0.048386
3.520000 2649.618896 0.048542
3.530000 2648.805908 0.048232
3.540000 2648.073242 0.047562
3.550000 2647.606445 0.046630
3.560000 2647.686035 0.045503
3.570000 2648.147949 0.044616
3.580000 2648.515381 0.044066
3.590000 2648.735107 0.043778
3.600000 2648.894775 0.043675
3.610000 2649.332031 0.043773
3.620000 2649.841797 0.044211
3.630000 2649.971436 0.044670
3.640000 2649.704590 0.044989
3.650000 2649.164307 0.045065
3.660000 2648.671631 0.044869
3.670000 2648.337646 0.044402
3.680000 2648.149902 0.043797
3.690000 2648.140625 0.043136
3.700000 2648.313477 0.042496
3.710000 2648.605225 0.041962
3.720000 2648.934082 0.041547
3.730000 2649.250244 0.041328
3.740000 2649.438721 0.041367
3.750000 2649.408691 0.041646
3.760000 2649.123291 0.041980
3.770000 2649.155273 0.041868
3.780000 2649.653809 0.041451
3.790000 2650.309570 0.041046
3.800000 2650.751221 0.040892
3.810000 2650.543213 0.041010
3.820000 2650.089355 0.041419
3.830000 2649.847900 0.042014
3.840000 2649.755615 0.042733
3.850000 2649.654297 0.043470
3.860000 2649.278320 0.043993
3.870000 2648.673584 0.043984
3.880000 2648.035889 0.043523
3.890000 2647.395996 0.042657
3.900000 2646.811523 0.041429
3.910000 2646.454834 0.039828
3.920000 2646.819092 0.038056
3.930000 2647.528076 0.036916
3.940000 2648.219727 0.036682
3.950000 2648.626221 0.037363
3.960000 2648.664062 0.038574
3.970000 2648.735596 0.039693
3.980000 2648.762207 0.040505
3.990000 2648.574707 0.040929
4.000000 2648.085693 0.040920
4.010000 2647.377441 0.040421
4.020000 2646.884033 0.039463
4.030000 2646.741211 0.038407
4.040000 2647.031006 0.037546
4.050000 2647.770996 0.037176
4.060000 2648.902100 0.037678
4.070000 2649.881592 0.039111
4.080000 2650.526123 0.040770
4.090000 2650.911377 0.042479
4.100000 2651.107422 0.044162
4.110000 2651.101074 0.045872
4.120000 2650.730957 0.047317
4.130000 2650.333740 0.048259
4.140000 2650.131592 0.048687
4.150000 2650.234131 0.048750
4.160000 2650.561035 0.048855
4.170000 2650.743652 0.049193
4.180000 2650.756836 0.049373
4.190000 2650.710205 0.049327
4.200000 2650.723633 0.049117
4.210000 2650.925293 0.049011
4.220000 2651.211914 0.049183
4.230000 2651.332764 0.049208
4.240000 2651.252930 0.048911
4.250000 2651.032959 0.048240
4.260000 2650.884277 0.047320
4.270000 2650.962646 0.046293
4.280000 2651.089600 0.045206
4.290000 2651.192871 0.044177
4.300000 2651.245361 0.043381
4.310000 2651.289795 0.043115
4.320000 2651.336182 0.043485
4.330000 2651.261719 0.043883
4.340000 2650.993164 0.043951
4.350000 2650.531006 0.043466
4.360000 2649.992920 0.042377
4.370000 2649.687012 0.041022
4.380000 2649.511230 0.039720
4.390000 2649.376221 0.038507
4.400000 2649.273438 0.037378
4.410000 2649.349854 0.036296
4.420000 2649.874268 0.035463
4.430000 2650.563232 0.035053
4.440000 2651.243652 0.035017
4.450000 2651.789062 0.035268
4.460000 2652.132812 0.035695
4.470000 2652.129395 0.036235
4.480000 2651.731445 0.036771
4.490000 2651.029053 0.037258
4.500000 2650.191162 0.037641
4.510000 2649.510010 0.037821
4.520000 2649.242676 0.037596
4.530000 2649.227051 0.037121
4.540000 2649.384033 0.036518
4.550000 2649.648193 0.035934
4.560000 2649.976807 0.035557
4.570000 2650.197021 0.035627
4.580000 2650.112549 0.035849
4.590000 2649.740479 0.035998
4.600000 2649.186035 0.035873
4.610000 2648.676758 0.035295
4.620000 2648.259033 0.034266
4.630000 2647.724854 0.033107
4.640000 2647.183350 0.031878
4.650000 2646.793457 0.030589
4.660000 2646.789062 0.029196
4.670000 2646.901611 0.027735
4.680000 2646.765381 0.025888
4.690000 2646.528320 0.023231
4.700000 2646.574219 0.019486
4.710000 2647.655518 0.014542
4.720000 2651.021240 0.009909
4.730000 2653.894775 0.006677
4.740000 2655.227783 0.004682
4.750000 2654.646484 0.003670
4.760000 2652.584473 0.003393
4.770000 2650.820801 0.003297
4.780000 2649.803711 0.003056
4.790000 2649.301514 0.002711
4.800000 2649.010010 0.002338
4.810000 2648.558105 0.002049
4.820000 2647.803955 0.001866
4.830000 2647.498535 0.001677
4.840000 2647.689453 0.001467
4.850000 2648.210938 0.001245
4.860000 2648.636963 0.001045
4.870000 2648.844482 0.000904
4.880000 2648.806396 0.000813
4.890000 2648.361328 0.000758
4.900000 2647.440918 0.000721
4.910000 2646.089355 0.000669
4.920000 2644.722168 0.000562
4.930000 2642.969971 0.000440
4.940000 2641.306152 0.000333
4.950000 2640.275879 0.000263
4.960000 2640.529297 0.000244
4.970000 2641.481445 0.000279
4.980000 2642.477783 0.000324
4.990000 2643.453369 0.000357
5.000000 2644.330078 0.000367
5.010000 2644.983643 0.000349
5.020000 2645.130127 0.000315
5.030000 2645.260254 0.000281
5.040000 2645.847168 0.000251
5.050000 2647.081543 0.000224
5.060000 2648.812256 0.000203
5.070000 2649.499512 0.000187
5.080000 2649.268311 0.000174
5.090000 2648.451172 0.000163
5.100000 2647.431641 0.000152
5.110000 2646.651855 0.000136
5.120000 2646.427246 0.000113
5.130000 2646.358887 0.000087
5.140000 2645.510986 0.000061
5.150000 2644.177734 0.000034
5.160000 2644.177734 0.000001