0.000000 2268.609619 0.005227
0.010000 2273.750000 0.010123
0.020000 2279.018555 0.015443
0.030000 2285.741943 0.020476
0.040000 2294.145996 0.025332
0.050000 2303.373535 0.030934
0.060000 2315.085693 0.035641
0.070000 2325.143555 0.043693
0.080000 2332.920654 0.051619
0.090000 2338.697021 0.058065
0.100000 2343.623535 0.063712
0.110000 2346.761230 0.069512
0.120000 2349.067139 0.077235
0.130000 2350.607666 0.087777
0.140000 2351.479248 0.101231
0.150000 2351.813477 0.116905
0.160000 2351.926514 0.131626
0.170000 2352.264404 0.141908
0.180000 2352.988525 0.146341
0.190000 2354.154297 0.144749
0.200000 2355.713379 0.138158
0.210000 2357.368408 0.129363
0.220000 2358.585938 0.121621
0.230000 2359.196045 0.116038
0.240000 2359.188477 0.113484
0.250000 2358.706055 0.114593
0.260000 2358.093994 0.119083
0.270000 2357.600586 0.123624
0.280000 2357.201172 0.126881
0.290000 2356.872559 0.127973
0.300000 2356.592529 0.126416
0.310000 2356.382568 0.121811
0.320000 2356.250732 0.115978
0.330000 2356.249268 0.109864
0.340000 2356.402100 0.104338
0.350000 2356.706299 0.100234
0.360000 2357.045410 0.099047
0.370000 2357.409912 0.099877
0.380000 2357.873047 0.101968
0.390000 2358.424805 0.104633
0.400000 2358.982666 0.107205
0.410000 2359.341553 0.108836
0.420000 2359.631104 0.109606
0.430000 2359.915283 0.109668
0.440000 2360.165527 0.109177
0.450000 2360.277344 0.108316
0.460000 2359.964355 0.107319
0.470000 2359.272461 0.106386
0.480000 2358.206055 0.105151
0.490000 2356.787354 0.103143
0.500000 2355.069336 0.099808
0.510000 2353.407471 0.094175
0.520000 2352.322754 0.086984
0.530000 2351.955811 0.079500
0.540000 2352.277344 0.073238
0.550000 2353.097168 0.069939
0.560000 2353.808838 0.071561
0.570000 2353.966064 0.075150
0.580000 2353.595459 0.078739
0.590000 2352.813721 0.080779
0.600000 2351.825439 0.079987
0.610000 2350.898193 0.074897
0.620000 2350.242188 0.067852
0.630000 2349.987793 0.060620
0.640000 2350.211426 0.054677
0.650000 2350.930420 0.051338
0.660000 2351.886230 0.052314
0.670000 2352.513916 0.055680
0.680000 2352.746582 0.059955
0.690000 2352.657471 0.064033
0.700000 2352.431885 0.067014
0.710000 2352.249756 0.068108
0.720000 2351.994629 0.067663
0.730000 2351.604736 0.065289
0.740000 2351.041504 0.060551
0.750000 2350.286865 0.053085
0.760000 2349.277100 0.043541
0.770000 2348.406494 0.035501
0.780000 2348.026855 0.030318
0.790000 2348.311035 0.028330
0.800000 2349.264648 0.029045
0.810000 2350.058594 0.030366
0.820000 2349.880615 0.029640
0.830000 2348.269775 0.026791
0.840000 2345.369385 0.023059
0.850000 2341.877197 0.020635
0.860000 2341.058838 0.022174
0.870000 2342.369141 0.026538
0.880000 2344.566650 0.033032
0.890000 2346.603027 0.040310
0.900000 2347.548828 0.046522
0.910000 2347.718018 0.049841
0.920000 2347.434326 0.051108
0.930000 2346.819824 0.051155
0.940000 2346.029541 0.050715
0.950000 2345.265137 0.050521
0.960000 2344.918213 0.051138
0.970000 2345.047607 0.052041
0.980000 2345.459229 0.052924
0.990000 2346.003906 0.053580
1.000000 2346.544189 0.053846
1.010000 2346.957520 0.053432
1.020000 2347.155029 0.052408
1.030000 2347.012451 0.050943
1.040000 2346.434326 0.049388
1.050000 2345.373291 0.048288
1.060000 2344.068604 0.049345
1.070000 2343.189453 0.052604
1.080000 2342.857910 0.057051
1.090000 2343.050781 0.061663
1.100000 2343.635498 0.065319
1.110000 2344.415039 0.066540
1.120000 2345.038330 0.066124
1.130000 2345.259766 0.064748
1.140000 2344.994629 0.062850
1.150000 2344.300537 0.060785
1.160000 2343.859619 0.058812
1.170000 2344.080811 0.056987
1.180000 2344.576904 0.055597
1.190000 2345.016357 0.054594
1.200000 2345.106934 0.053730
1.210000 2345.014893 0.052723
1.220000 2345.248291 0.051924
1.230000 2345.761475 0.051635
1.240000 2346.446045 0.051860
1.250000 2347.141846 0.052375
1.260000 2347.637939 0.052281
1.270000 2347.684082 0.051037
1.280000 2347.055664 0.048941
1.290000 2345.784424 0.046853
1.300000 2344.122070 0.046011
1.310000 2343.147705 0.048355
1.320000 2343.072510 0.052946
1.330000 2343.545654 0.058560
1.340000 2344.221924 0.064083
1.350000 2344.723633 0.068366
1.360000 2344.649170 0.069998
1.370000 2344.119873 0.069943
1.380000 2343.464600 0.069216
1.390000 2342.900879 0.068352
1.400000 2342.590088 0.067674
1.410000 2342.522705 0.067090
1.420000 2342.562500 0.066198
1.430000 2342.704590 0.064986
1.440000 2342.912109 0.063574
1.450000 2343.117188 0.062177
1.460000 2343.119385 0.061115
1.470000 2342.966064 0.060551
1.480000 2342.854980 0.060424
1.490000 2342.911377 0.060536
1.500000 2343.209717 0.060590
1.510000 2343.630859 0.060110
1.520000 2343.815918 0.059198
1.530000 2343.750244 0.058302
1.540000 2343.550049 0.057754
1.550000 2343.406982 0.057807
1.560000 2343.577393 0.058428
1.570000 2343.799805 0.059061
1.580000 2343.856934 0.059424
1.590000 2343.763184 0.059433
1.600000 2343.663574 0.059109
1.610000 2343.985107 0.058483
1.620000 2344.694336 0.057733
1.630000 2345.451172 0.056875
1.640000 2346.028320 0.055861
1.650000 2346.256104 0.054629
1.660000 2346.104248 0.053239
1.670000 2345.760498 0.051968
1.680000 2345.233887 0.051076
1.690000 2344.578369 0.050918
1.700000 2343.906494 0.051856
1.710000 2343.621826 0.054252
1.720000 2343.733154 0.057128
1.730000 2343.925781 0.059855
1.740000 2344.087402 0.062130
1.750000 2344.217285 0.063789
1.760000 2344.700928 0.064709
1.770000 2345.578369 0.065034
1.780000 2346.341797 0.064671
1.790000 2346.607178 0.063367
1.800000 2346.104492 0.060972
1.810000 2345.082275 0.058349
1.820000 2344.672852 0.056382
1.830000 2345.033691 0.055111
1.840000 2346.007568 0.054547
1.850000 2347.271973 0.054543
1.860000 2348.421387 0.054024
1.870000 2349.395996 0.052246
1.880000 2350.136719 0.049248
1.890000 2350.537598 0.045061
1.900000 2350.468506 0.039826
1.910000 2349.571045 0.033932
1.920000 2347.786621 0.029093
1.930000 2346.049805 0.026451
1.940000 2345.123535 0.025957
1.950000 2345.682129 0.026975
1.960000 2348.315186 0.028486
1.970000 2350.646484 0.029670
1.980000 2351.812012 0.029402
1.990000 2351.445312 0.027474
2.000000 2349.475098 0.024322
2.010000 2346.227783 0.022403
2.020000 2344.527100 0.023423
2.030000 2344.320068 0.026703
2.040000 2345.263916 0.031741
2.050000 2346.771973 0.037829
2.060000 2347.751953 0.043283
2.070000 2347.987793 0.046821
2.080000 2347.663330 0.048718
2.090000 2347.075439 0.049232
2.100000 2346.619873 0.048675
2.110000 2346.969727 0.047063
2.120000 2347.845215 0.045176
2.130000 2348.672119 0.043256
2.140000 2349.166992 0.041243
2.150000 2349.172363 0.039018
2.160000 2348.733398 0.036682
2.170000 2348.347656 0.034528
2.180000 2348.335938 0.032466
2.190000 2348.840576 0.030454
2.200000 2349.924805 0.028515
2.210000 2351.660400 0.027067
2.220000 2353.517578 0.027259
2.230000 2354.721924 0.029127
2.240000 2354.960205 0.032191
2.250000 2354.182373 0.035668
2.260000 2352.883057 0.038327
2.270000 2351.806396 0.038923
2.280000 2350.908447 0.037973
2.290000 2350.224609 0.036221
2.300000 2349.838867 0.034589
2.310000 2350.097900 0.034293
2.320000 2350.843994 0.035953
2.330000 2351.700684 0.039341
2.340000 2352.450195 0.044205
2.350000 2352.931396 0.050168
2.360000 2353.065918 0.056733
2.370000 2353.018799 0.063057
2.380000 2352.872803 0.068457
2.390000 2352.637207 0.072268
2.400000 2352.316406 0.073877
2.410000 2351.966797 0.072374
2.420000 2351.848877 0.069069
2.430000 2352.004639 0.066114
2.440000 2352.389404 0.064839
2.450000 2352.912109 0.066173
2.460000 2353.421875 0.070378
2.470000 2353.737061 0.075431
2.480000 2353.814697 0.079829
2.490000 2353.677734 0.082919
2.500000 2353.395020 0.084404
2.510000 2353.126465 0.084412
2.520000 2352.971191 0.083930
2.530000 2352.916992 0.083469
2.540000 2352.972168 0.083184
2.550000 2353.135498 0.083132
2.560000 2353.366211 0.083343
2.570000 2353.495117 0.083667
2.580000 2353.474609 0.083783
2.590000 2353.308838 0.083381
2.600000 2353.028809 0.082154
2.610000 2352.696289 0.079616
2.620000 2352.307373 0.075547
2.630000 2351.783936 0.070017
2.640000 2351.123047 0.063142
2.650000 2350.380615 0.055232
2.660000 2349.795166 0.047106
2.670000 2349.609619 0.040416
2.680000 2349.919678 0.035865
2.690000 2350.640137 0.033908
2.700000 2351.563477 0.034715
2.710000 2352.197021 0.038137
2.720000 2352.268555 0.041897
2.730000 2352.039551 0.044395
2.740000 2351.631592 0.045031
2.750000 2351.151367 0.043696
2.760000 2350.708008 0.041101
2.770000 2350.517090 0.039085
2.780000 2350.589355 0.038279
2.790000 2350.865723 0.038694
2.800000 2351.234619 0.040058
2.810000 2351.458496 0.041720
2.820000 2351.356445 0.042977
2.830000 2351.099854 0.043925
2.840000 2350.863037 0.044696
2.850000 2350.818359 0.045444
2.860000 2351.129395 0.046315
2.870000 2351.597412 0.047536
2.880000 2351.965088 0.049061
2.890000 2352.156982 0.050774
2.900000 2352.177734 0.052545
2.910000 2352.187012 0.054262
2.920000 2352.287842 0.056089
2.930000 2352.347900 0.057965
2.940000 2352.316895 0.059622
2.950000 2352.195801 0.060764
2.960000 2352.120850 0.061062
2.970000 2352.213135 0.061282
2.980000 2352.422363 0.062328
2.990000 2352.716797 0.064520
3.000000 2353.055176 0.067882
3.010000 2353.369141 0.071942
3.020000 2353.546875 0.075569
3.030000 2353.597900 0.078373
3.040000 2353.545166 0.080243
3.050000 2353.420166 0.081165
3.060000 2353.254883 0.081072
3.070000 2353.033203 0.079844
3.080000 2352.761230 0.077549
3.090000 2352.494873 0.074343
3.100000 2352.317871 0.070596
3.110000 2352.403809 0.067291
3.120000 2352.801758 0.066185
3.130000 2353.350586 0.067502
3.140000 2353.924316 0.071018
3.150000 2354.392334 0.076149
3.160000 2354.574463 0.081720
3.170000 2354.374756 0.085705
3.180000 2353.941650 0.087365
3.190000 2353.436035 0.086647
3.200000 2353.036133 0.083948
3.210000 2352.975342 0.080417
3.220000 2353.243164 0.078211
3.230000 2353.637207 0.077648
3.240000 2354.021240 0.078425
3.250000 2354.263428 0.079930
3.260000 2354.196289 0.081044
3.270000 2353.819824 0.080568
3.280000 2353.343262 0.078772
3.290000 2352.880371 0.076117
3.300000 2352.521240 0.073190
3.310000 2352.333252 0.070755
3.320000 2352.387695 0.069026
3.330000 2352.597412 0.067788
3.340000 2352.874512 0.067092
3.350000 2353.135254 0.067036
3.360000 2353.314453 0.067884
3.370000 2353.368652 0.069543
3.380000 2353.267822 0.071261
3.390000 2353.019287 0.072422
3.400000 2352.675537 0.072506
3.410000 2352.398926 0.071074
3.420000 2352.421631 0.069056
3.430000 2352.674561 0.067881
3.440000 2353.094971 0.068197
3.450000 2353.616943 0.070338
3.460000 2354.195557 0.074319
3.470000 2354.708740 0.079439
3.480000 2355.070557 0.084752
3.490000 2355.263672 0.089619
3.500000 2355.296387 0.093430
3.510000 2355.195557 0.095375
3.520000 2354.956055 0.095000
3.530000 2354.611328 0.092976
3.540000 2354.243164 0.089710
3.550000 2353.962158 0.085713
3.560000 2353.961182 0.081738
3.570000 2354.238037 0.079125
3.580000 2354.519775 0.077993
3.590000 2354.718750 0.078010
3.600000 2354.814453 0.078710
3.610000 2354.904297 0.079542
3.620000 2354.987061 0.080431
3.630000 2354.953857 0.081367
3.640000 2354.804443 0.082110
3.650000 2354.574707 0.082368
3.660000 2354.349609 0.081679
3.670000 2354.176270 0.080021
3.680000 2354.086670 0.078027
3.690000 2354.104980 0.076082
3.700000 2354.235107 0.074526
3.710000 2354.448242 0.073702
3.720000 2354.681641 0.073704
3.730000 2354.863525 0.074250
3.740000 2354.929688 0.075127
3.750000 2354.843994 0.076050
3.760000 2354.620850 0.076539
3.770000 2354.557373 0.076169
3.780000 2354.746582 0.075494
3.790000 2355.097168 0.075012
3.800000 2355.473633 0.075075
3.810000 2355.682617 0.075750
3.820000 2355.685303 0.076395
3.830000 2355.604004 0.076683
3.840000 2355.470703 0.076582
3.850000 2355.300293 0.076122
3.860000 2355.081299 0.075363
3.870000 2354.789062 0.074260
3.880000 2354.428711 0.072751
3.890000 2354.031250 0.070716
3.900000 2353.650879 0.068095
3.910000 2353.399414 0.064902
3.920000 2353.438232 0.061953
3.930000 2353.624756 0.060233
3.940000 2353.854736 0.060131
3.950000 2354.045654 0.061698
3.960000 2354.154541 0.064546
3.970000 2354.187256 0.067604
3.980000 2354.129395 0.070242
3.990000 2353.975098 0.072182
4.000000 2353.733398 0.073201
4.010000 2353.435791 0.073004
4.020000 2353.173096 0.071542
4.030000 2353.050049 0.069636
4.040000 2353.157715 0.067883
4.050000 2353.536133 0.066922
4.060000 2354.149902 0.067646
4.070000 2354.738037 0.070662
4.080000 2355.190674 0.074785
4.090000 2355.510498 0.079304
4.100000 2355.704834 0.083561
4.110000 2355.753418 0.086883
4.120000 2355.626709 0.088507
4.130000 2355.490234 0.088610
4.140000 2355.454590 0.087444
4.150000 2355.584961 0.085473
4.160000 2355.877197 0.083520
4.170000 2356.159424 0.082651
4.180000 2356.351562 0.082565
4.190000 2356.455566 0.082893
4.200000 2356.498779 0.083270
4.210000 2356.541260 0.083351
4.220000 2356.626465 0.083005
4.230000 2356.694824 0.082352
4.240000 2356.709229 0.081391
4.250000 2356.661133 0.080132
4.260000 2356.592529 0.078594
4.270000 2356.594482 0.076950
4.280000 2356.634521 0.075484
4.290000 2356.677979 0.074375
4.300000 2356.703369 0.073770
4.310000 2356.711426 0.073809
4.320000 2356.724609 0.074462
4.330000 2356.714111 0.075267
4.340000 2356.644775 0.075890
4.350000 2356.492920 0.076017
4.360000 2356.248779 0.075296
4.370000 2355.948486 0.073537
4.380000 2355.635742 0.071343
4.390000 2355.348145 0.069070
4.400000 2355.136719 0.067035
4.410000 2355.090820 0.065544
4.420000 2355.304688 0.064984
4.430000 2355.653564 0.065258
4.440000 2356.063477 0.066265
4.450000 2356.466797 0.067809
4.460000 2356.800537 0.069567
4.470000 2356.940674 0.070848
4.480000 2356.847656 0.071302
4.490000 2356.537354 0.070813
4.500000 2356.067139 0.069390
4.510000 2355.552734 0.067159
4.520000 2355.213867 0.064693
4.530000 2355.091797 0.062720
4.540000 2355.175781 0.061585
4.550000 2355.414062 0.061492
4.560000 2355.698486 0.062536
4.570000 2355.801758 0.064355
4.580000 2355.696533 0.066005
4.590000 2355.416992 0.066963
4.600000 2355.017578 0.066860
4.610000 2354.573730 0.065450
4.620000 2354.152100 0.062885
4.630000 2353.770020 0.059933
4.640000 2353.463135 0.056867
4.650000 2353.268066 0.053911
4.660000 2353.232178 0.051252
4.670000 2353.330566 0.049009
4.680000 2353.451660 0.046733
4.690000 2353.656006 0.044054
4.700000 2354.027344 0.040739
4.710000 2354.689941 0.036715
4.720000 2355.412842 0.032657
4.730000 2355.723145 0.028994
4.740000 2355.483398 0.025698
4.750000 2354.688965 0.022690
4.760000 2353.485352 0.019849
4.770000 2352.305176 0.017196
4.780000 2351.437256 0.014827
4.790000 2350.955078 0.012764
4.800000 2350.866211 0.010975
4.810000 2351.115479 0.009362
4.820000 2351.442383 0.007832
4.830000 2351.665039 0.006426
4.840000 2351.841064 0.005226
4.850000 2352.110107 0.004287
4.860000 2352.727295 0.003633
4.870000 2354.009277 0.003246
4.880000 2355.212402 0.002993
4.890000 2355.903076 0.002816
4.900000 2355.880859 0.002674
4.910000 2355.222656 0.002538
4.920000 2354.442383 0.002374
4.930000 2353.916016 0.002167
4.940000 2353.682861 0.001927
4.950000 2353.753174 0.001670
4.960000 2354.124268 0.001413
4.970000 2354.769043 0.001177
4.980000 2355.412109 0.000967
4.990000 2355.913818 0.000787
5.000000 2356.193115 0.000637
5.010000 2356.231445 0.000518
5.020000 2356.161133 0.000424
5.030000 2356.159424 0.000344
5.040000 2356.154785 0.000275
5.050000 2355.965576 0.000217
5.060000 2355.263672 0.000170
5.070000 2353.227783 0.000134
5.080000 2350.675293 0.000109
5.090000 2348.646484 0.000093
5.100000 2347.875488 0.000084
5.110000 2348.754395 0.000077
5.120000 2351.110352 0.000072
5.130000 2353.314941 0.000065
5.140000 2355.181885 0.000058
5.150000 2356.603027 0.000049
5.160000 2357.520264 0.000040
5.170000 2357.534912 0.000008