0.000000 3783.109863 0.000843
0.010000 3800.390381 0.000884
0.020000 3807.653076 0.000906
0.030000 3809.267090 0.000942
0.040000 3814.051514 0.000891
0.050000 3835.065186 0.000525
0.060000 3828.579102 0.000664
0.070000 3838.245605 0.000703
0.080000 3856.588623 0.000797
0.090000 3872.081055 0.000922
0.100000 3869.347656 0.000891
0.110000 3850.149902 0.000717
0.120000 3828.555420 0.017609
0.130000 3818.964355 0.030050
0.140000 3821.592529 0.032755
0.150000 3823.418701 0.035540
0.160000 3824.282471 0.037424
0.170000 3825.105713 0.038211
0.180000 3826.359131 0.038196
0.190000 3828.211670 0.038016
0.200000 3830.547363 0.038632
0.210000 3832.447510 0.040990
0.220000 3833.412354 0.043117
0.230000 3833.506104 0.044073
0.240000 3832.867432 0.043352
0.250000 3831.717041 0.040855
0.260000 3830.400879 0.036878
0.270000 3829.416016 0.032603
0.280000 3828.846436 0.028468
0.290000 3828.657959 0.024766
0.300000 3828.705566 0.021665
0.310000 3828.737061 0.019266
0.320000 3828.770996 0.017418
0.330000 3829.008301 0.016213
0.340000 3829.562988 0.015724
0.350000 3830.467285 0.015997
0.360000 3831.387207 0.017041
0.370000 3832.081299 0.018227
0.380000 3832.675537 0.019321
0.390000 3833.274414 0.020192
0.400000 3833.963135 0.020790
0.410000 3834.512207 0.020997
0.420000 3834.916260 0.020904
0.430000 3835.284180 0.020613
0.440000 3835.572754 0.020188
0.450000 3835.608887 0.019658
0.460000 3834.716553 0.018877
0.470000 3832.994385 0.017974
0.480000 3830.328613 0.017013
0.490000 3826.732178 0.016326
0.500000 3822.393799 0.016463
0.510000 3819.683350 0.018417
0.520000 3818.683350 0.020823
0.530000 3819.104492 0.023077
0.540000 3820.565674 0.024788
0.550000 3822.560059 0.025710
0.560000 3824.308105 0.025232
0.570000 3825.144287 0.023557
0.580000 3824.779297 0.021141
0.590000 3823.292480 0.018703
0.600000 3821.095459 0.017171
0.610000 3819.437500 0.017113
0.620000 3818.755371 0.017216
0.630000 3818.692871 0.017148
0.640000 3818.996582 0.016802
0.650000 3819.465332 0.016236
0.660000 3820.142090 0.015616
0.670000 3820.730957 0.014931
0.680000 3821.175781 0.014103
0.690000 3821.584473 0.013116
0.700000 3822.177979 0.012008
0.710000 3822.964355 0.010898
0.720000 3823.077393 0.009797
0.730000 3822.166992 0.008769
0.740000 3820.281494 0.007986
0.750000 3817.825195 0.007687
0.760000 3816.551758 0.008070
0.770000 3816.634766 0.008713
0.780000 3817.413330 0.009503
0.790000 3818.318115 0.010284
0.800000 3818.808594 0.010856
0.810000 3818.571289 0.010906
0.820000 3817.959961 0.010624
0.830000 3817.030029 0.010152
0.840000 3815.779785 0.009630
0.850000 3814.203857 0.009211
0.860000 3812.743408 0.009188
0.870000 3811.924072 0.009356
0.880000 3811.731445 0.009516
0.890000 3812.019531 0.009586
0.900000 3812.531494 0.009557
0.910000 3812.969727 0.009564
0.920000 3813.130127 0.009666
0.930000 3812.978271 0.009783
0.940000 3812.581055 0.009829
0.950000 3812.080811 0.009712
0.960000 3811.600830 0.009286
0.970000 3811.243408 0.008750
0.980000 3811.103271 0.008345
0.990000 3811.289551 0.008228
1.000000 3811.908447 0.008501
1.010000 3813.045166 0.009089
1.020000 3814.040283 0.009590
1.030000 3814.616455 0.009828
1.040000 3814.616699 0.009710
1.050000 3813.936279 0.009208
1.060000 3811.869873 0.008291
1.070000 3808.596924 0.007502
1.080000 3805.526123 0.007125
1.090000 3803.601074 0.007135
1.100000 3803.496094 0.007315
1.110000 3805.548584 0.007478
1.120000 3808.313965 0.007755
1.130000 3810.260742 0.008107
1.140000 3810.851318 0.008515
1.150000 3810.184082 0.008982
1.160000 3809.591553 0.009671
1.170000 3810.100342 0.010234
1.180000 3811.094482 0.010615
1.190000 3812.016113 0.010799
1.200000 3812.344238 0.010810
1.210000 3812.145020 0.010803
1.220000 3812.085205 0.010992
1.230000 3812.382080 0.011434
1.240000 3813.110107 0.012151
1.250000 3814.232422 0.013122
1.260000 3815.387207 0.014168
1.270000 3815.842041 0.014750
1.280000 3815.435791 0.014626
1.290000 3814.169189 0.013787
1.300000 3812.187744 0.012392
1.310000 3809.910889 0.010879
1.320000 3807.927734 0.009799
1.330000 3806.667969 0.009232
1.340000 3806.250732 0.009125
1.350000 3806.554688 0.009327
1.360000 3806.742432 0.009618
1.370000 3806.595947 0.009873
1.380000 3806.524170 0.010286
1.390000 3806.602783 0.011013
1.400000 3806.738770 0.012165
1.410000 3806.711914 0.013616
1.420000 3806.903320 0.014785
1.430000 3807.383057 0.015496
1.440000 3807.975098 0.015743
1.450000 3808.371094 0.015625
1.460000 3808.204102 0.015325
1.470000 3807.822266 0.015059
1.480000 3807.554688 0.014822
1.490000 3807.550293 0.014588
1.500000 3807.865967 0.014310
1.510000 3808.474609 0.013864
1.520000 3808.991211 0.013238
1.530000 3809.168213 0.012594
1.540000 3808.970947 0.012125
1.550000 3808.509033 0.012026
1.560000 3808.267578 0.012435
1.570000 3808.384277 0.012934
1.580000 3808.510254 0.013280
1.590000 3808.502930 0.013377
1.600000 3808.352783 0.013206
1.610000 3808.563477 0.012862
1.620000 3809.442627 0.012522
1.630000 3810.639648 0.012259
1.640000 3811.788086 0.012038
1.650000 3812.518799 0.011773
1.660000 3812.673340 0.011353
1.670000 3812.590576 0.010851
1.680000 3812.244873 0.010288
1.690000 3811.551758 0.009679
1.700000 3810.446777 0.009041
1.710000 3809.116455 0.008451
1.720000 3807.999756 0.007948
1.730000 3807.160645 0.007646
1.740000 3806.752441 0.007650
1.750000 3806.982666 0.008037
1.760000 3808.452148 0.008735
1.770000 3811.072754 0.009450
1.780000 3813.404053 0.010014
1.790000 3814.631836 0.010266
1.800000 3814.288818 0.010116
1.810000 3812.728516 0.010037
1.820000 3811.915283 0.010525
1.830000 3812.198730 0.011410
1.840000 3813.379150 0.012617
1.850000 3814.976807 0.014073
1.860000 3816.331787 0.015571
1.870000 3817.348389 0.016921
1.880000 3817.925537 0.017953
1.890000 3818.001709 0.018529
1.900000 3817.574951 0.018561
1.910000 3816.796631 0.018071
1.920000 3815.817139 0.017457
1.930000 3814.887451 0.017032
1.940000 3814.381348 0.016909
1.950000 3814.685547 0.017119
1.960000 3816.048340 0.017665
1.970000 3817.219482 0.018243
1.980000 3817.623047 0.018397
1.990000 3817.242188 0.018044
2.000000 3816.300049 0.017278
2.010000 3815.082031 0.016412
2.020000 3813.978027 0.015825
2.030000 3813.248535 0.015589
2.040000 3813.016846 0.015706
2.050000 3813.308105 0.016130
2.060000 3813.947510 0.016797
2.070000 3814.213379 0.017366
2.080000 3813.975098 0.017598
2.090000 3813.531738 0.017446
2.100000 3813.355469 0.016965
2.110000 3814.045410 0.016385
2.120000 3814.952148 0.016158
2.130000 3815.610596 0.016218
2.140000 3815.966553 0.016516
2.150000 3816.099121 0.016984
2.160000 3816.037842 0.017528
2.170000 3815.849854 0.017882
2.180000 3815.827637 0.018018
2.190000 3816.109619 0.018032
2.200000 3816.770996 0.018067
2.210000 3817.864014 0.018315
2.220000 3819.247803 0.018662
2.230000 3820.404297 0.018805
2.240000 3820.985596 0.018534
2.250000 3820.784180 0.017747
2.260000 3820.030029 0.016731
2.270000 3819.444824 0.016003
2.280000 3819.109619 0.015615
2.290000 3819.043457 0.015555
2.300000 3819.253418 0.015766
2.310000 3819.895752 0.016174
2.320000 3820.821289 0.016631
2.330000 3821.786865 0.016957
2.340000 3822.693115 0.017033
2.350000 3823.482422 0.016792
2.360000 3824.110596 0.016315
2.370000 3824.505859 0.015969
2.380000 3824.522461 0.015821
2.390000 3823.989258 0.015811
2.400000 3822.846680 0.015860
2.410000 3821.555908 0.016029
2.420000 3821.318115 0.016329
2.430000 3822.068359 0.016775
2.440000 3823.442871 0.017354
2.450000 3824.909912 0.017974
2.460000 3825.658691 0.018154
2.470000 3825.679688 0.017833
2.480000 3825.269531 0.017412
2.490000 3824.683105 0.017137
2.500000 3824.185303 0.017187
2.510000 3824.070312 0.017611
2.520000 3824.038086 0.018164
2.530000 3823.909424 0.018687
2.540000 3823.770752 0.019114
2.550000 3823.775635 0.019403
2.560000 3824.100830 0.019489
2.570000 3824.350830 0.019363
2.580000 3824.243408 0.019043
2.590000 3823.730957 0.018577
2.600000 3822.892090 0.018029
2.610000 3822.056152 0.017455
2.620000 3821.272461 0.016675
2.630000 3820.229736 0.015750
2.640000 3819.084717 0.014881
2.650000 3818.138428 0.014294
2.660000 3817.881836 0.014198
2.670000 3818.265381 0.014412
2.680000 3819.050537 0.014726
2.690000 3820.109375 0.015107
2.700000 3821.270752 0.015539
2.710000 3822.114746 0.015926
2.720000 3821.949951 0.015856
2.730000 3821.213867 0.015539
2.740000 3820.323486 0.015180
2.750000 3819.705078 0.014956
2.760000 3819.798584 0.014905
2.770000 3820.327393 0.014976
2.780000 3820.821777 0.015116
2.790000 3821.128174 0.015289
2.800000 3821.190918 0.015465
2.810000 3821.061035 0.015629
2.820000 3820.961670 0.015841
2.830000 3820.992920 0.016145
2.840000 3821.111816 0.016528
2.850000 3821.230957 0.016939
2.860000 3821.215820 0.017229
2.870000 3821.221436 0.017243
2.880000 3821.338867 0.017059
2.890000 3821.532715 0.016771
2.900000 3821.758301 0.016479
2.910000 3822.061523 0.016266
2.920000 3822.561768 0.016063
2.930000 3822.902588 0.015829
2.940000 3822.892822 0.015611
2.950000 3822.499756 0.015487
2.960000 3822.150146 0.015610
2.970000 3822.510986 0.015848
2.980000 3823.272461 0.016117
2.990000 3824.117188 0.016361
3.000000 3824.749512 0.016512
3.010000 3824.988281 0.016424
3.020000 3824.967285 0.016131
3.030000 3824.863037 0.015813
3.040000 3824.713379 0.015543
3.050000 3824.520020 0.015353
3.060000 3824.225342 0.015191
3.070000 3823.650391 0.014975
3.080000 3822.851562 0.014819
3.090000 3822.106201 0.014817
3.100000 3821.773926 0.015017
3.110000 3822.436035 0.015355
3.120000 3823.877930 0.015778
3.130000 3825.328125 0.016154
3.140000 3826.485840 0.016371
3.150000 3827.165283 0.016348
3.160000 3827.242432 0.016052
3.170000 3826.352783 0.015462
3.180000 3824.890137 0.014928
3.190000 3823.541504 0.014663
3.200000 3822.957520 0.014796
3.210000 3823.559570 0.015296
3.220000 3824.582275 0.015951
3.230000 3825.330811 0.016338
3.240000 3825.727783 0.016346
3.250000 3825.780762 0.015992
3.260000 3825.378174 0.015477
3.270000 3824.378906 0.015183
3.280000 3823.365479 0.015250
3.290000 3822.683838 0.015597
3.300000 3822.512695 0.016074
3.310000 3822.655762 0.016447
3.320000 3822.689941 0.016459
3.330000 3822.760010 0.016164
3.340000 3823.001221 0.015678
3.350000 3823.489746 0.015149
3.360000 3824.146240 0.014779
3.370000 3824.508057 0.014622
3.380000 3824.328613 0.014553
3.390000 3823.653076 0.014582
3.400000 3822.707031 0.014738
3.410000 3822.106201 0.015082
3.420000 3822.401855 0.015463
3.430000 3823.236084 0.015773
3.440000 3824.342529 0.015949
3.450000 3825.498047 0.015968
3.460000 3826.616455 0.015890
3.470000 3827.731445 0.015977
3.480000 3828.572266 0.016138
3.490000 3828.926758 0.016221
3.500000 3828.674561 0.016106
3.510000 3827.850098 0.015771
3.520000 3826.708984 0.015466
3.530000 3825.601318 0.015393
3.540000 3824.784668 0.015586
3.550000 3824.481934 0.016001
3.560000 3824.929199 0.016466
3.570000 3825.712402 0.016714
3.580000 3826.236084 0.016608
3.590000 3826.435059 0.016160
3.600000 3826.422363 0.015466
3.610000 3826.605713 0.014770
3.620000 3827.131104 0.014322
3.630000 3827.508057 0.014002
3.640000 3827.468262 0.013706
3.650000 3826.889648 0.013378
3.660000 3825.907471 0.013107
3.670000 3825.140381 0.013086
3.680000 3824.909668 0.013219
3.690000 3825.146484 0.013440
3.700000 3825.670410 0.013670
3.710000 3826.171631 0.013797
3.720000 3826.562256 0.013713
3.730000 3826.880615 0.013511
3.740000 3827.011230 0.013247
3.750000 3826.861572 0.012972
3.760000 3826.404297 0.012730
3.770000 3826.294434 0.012473
3.780000 3826.825684 0.012133
3.790000 3827.763184 0.011764
3.800000 3828.708252 0.011437
3.810000 3828.985107 0.011227
3.820000 3828.599365 0.011268
3.830000 3828.082275 0.011484
3.840000 3827.576416 0.011771
3.850000 3827.120361 0.012032
3.860000 3826.593750 0.012208
3.870000 3825.830811 0.012340
3.880000 3824.893555 0.012451
3.890000 3823.939697 0.012538
3.900000 3823.170898 0.012602
3.910000 3822.901123 0.012640
3.920000 3823.385010 0.012687
3.930000 3824.183594 0.012799
3.940000 3825.003906 0.012955
3.950000 3825.603760 0.013116
3.960000 3825.802246 0.013229
3.970000 3825.771973 0.013347
3.980000 3825.640137 0.013493
3.990000 3825.322266 0.013636
4.000000 3824.754639 0.013752
4.010000 3823.934326 0.013843
4.020000 3823.325684 0.013981
4.030000 3823.202637 0.014131
4.040000 3823.664795 0.014247
4.050000 3824.710205 0.014297
4.060000 3826.216797 0.014278
4.070000 3827.482178 0.014210
4.080000 3828.316162 0.014053
4.090000 3828.826172 0.013907
4.100000 3829.091064 0.013885
4.110000 3829.040527 0.014120
4.120000 3828.370605 0.014554
4.130000 3827.643066 0.014961
4.140000 3827.316650 0.015169
4.150000 3827.659424 0.015090
4.160000 3828.627686 0.014763
4.170000 3829.397217 0.014400
4.180000 3829.627686 0.014006
4.190000 3829.445801 0.013614
4.200000 3829.117432 0.013262
4.210000 3829.112549 0.012998
4.220000 3829.591797 0.012832
4.230000 3830.035400 0.012683
4.240000 3830.173828 0.012480
4.250000 3829.898193 0.012183
4.260000 3829.345459 0.011814
4.270000 3828.958984 0.011443
4.280000 3828.875488 0.011106
4.290000 3829.069824 0.010854
4.300000 3829.465576 0.010738
4.310000 3829.927979 0.010825
4.320000 3830.193115 0.011051
4.330000 3830.115234 0.011198
4.340000 3829.635254 0.011197
4.350000 3828.811279 0.011051
4.360000 3827.883545 0.010863
4.370000 3827.321533 0.010752
4.380000 3826.975342 0.010684
4.390000 3826.727539 0.010627
4.400000 3826.567871 0.010551
4.410000 3826.696533 0.010420
4.420000 3827.521484 0.010227
4.430000 3828.687256 0.010046
4.440000 3829.912598 0.009885
4.450000 3830.947998 0.009740
4.460000 3831.570557 0.009593
4.470000 3831.525391 0.009435
4.480000 3830.758057 0.009230
4.490000 3829.353271 0.009053
4.500000 3827.637451 0.009000
4.510000 3826.337646 0.009215
4.520000 3826.022461 0.009682
4.530000 3826.243164 0.010198
4.540000 3826.728271 0.010610
4.550000 3827.271240 0.010801
4.560000 3827.763916 0.010692
4.570000 3828.062012 0.010472
4.580000 3827.953125 0.010374
4.590000 3827.377930 0.010435
4.600000 3826.439941 0.010628
4.610000 3825.478271 0.010857
4.620000 3824.984863 0.010844
4.630000 3824.634033 0.010589
4.640000 3824.220459 0.010163
4.650000 3823.697754 0.009662
4.660000 3823.260498 0.009209
4.670000 3823.262939 0.008827
4.680000 3823.307861 0.008302
4.690000 3823.098633 0.007493
4.700000 3822.513184 0.006348
4.710000 3821.670166 0.004934
4.720000 3821.179443 0.003574
4.730000 3821.092529 0.002421
4.740000 3821.593262 0.001493
4.750000 3820.980225 0.000790
4.760000 3814.502441 0.000308
4.770000 3791.199463 0.000106
4.780000 3799.552490 0.000113
4.790000 3812.546631 0.000180
4.800000 3815.696533 0.000220
4.810000 3816.729736 0.000233
4.820000 3817.484375 0.000214
4.830000 3817.802490 0.000187
4.840000 3816.599609 0.000160
4.850000 3813.897461 0.000138
4.860000 3811.308594 0.000127
4.870000 3812.764404 0.000112
4.880000 3817.451660 0.000102
4.890000 3821.936523 0.000099
4.900000 3824.329102 0.000099
4.910000 3824.904053 0.000097
4.920000 3824.497803 0.000099
4.930000 3823.915771 0.000101
4.940000 3823.421387 0.000102
4.950000 3823.056885 0.000098
4.960000 3822.587646 0.000090
4.970000 3821.325195 0.000078
4.980000 3820.243896 0.000069
4.990000 3820.081543 0.000064
5.000000 3821.110107 0.000064
5.010000 3823.037598 0.000069
5.020000 3824.546631 0.000073
5.030000 3824.893799 0.000071
5.040000 3823.984131 0.000062
5.050000 3822.182617 0.000050
5.060000 3820.410889 0.000039
5.070000 3820.374756 0.000008