0.000000 861.401306 0.021015
0.010000 858.925842 0.038232
0.020000 858.186157 0.056332
0.030000 858.557007 0.072370
0.040000 859.903259 0.084192
0.050000 862.571838 0.090446
0.060000 866.313843 0.094773
0.070000 869.720520 0.098973
0.080000 872.895569 0.100834
0.090000 875.957764 0.099271
0.100000 879.035706 0.094312
0.110000 880.999390 0.090545
0.120000 882.096619 0.089007
0.130000 882.693787 0.089680
0.140000 883.037292 0.092255
0.150000 883.263672 0.096129
0.160000 883.134583 0.100549
0.170000 883.015320 0.104624
0.180000 883.166199 0.108267
0.190000 883.629944 0.111995
0.200000 884.246399 0.116878
0.210000 884.566223 0.124323
0.220000 884.592529 0.131600
0.230000 884.442383 0.136895
0.240000 884.216675 0.139082
0.250000 884.004578 0.137678
0.260000 883.855286 0.133291
0.270000 883.741455 0.128686
0.280000 883.623962 0.124705
0.290000 883.491516 0.121647
0.300000 883.358276 0.119331
0.310000 883.335571 0.116916
0.320000 883.400146 0.114563
0.330000 883.535767 0.112892
0.340000 883.727173 0.112267
0.350000 883.956604 0.112818
0.360000 884.125854 0.113869
0.370000 884.250000 0.114548
0.380000 884.386108 0.114960
0.390000 884.549072 0.115338
0.400000 884.718567 0.116030
0.410000 884.819214 0.117308
0.420000 884.912781 0.118802
0.430000 885.009094 0.120273
0.440000 885.075745 0.121425
0.450000 885.045654 0.121897
0.460000 884.802368 0.120616
0.470000 884.387695 0.117500
0.480000 883.790100 0.112552
0.490000 883.002747 0.105903
0.500000 882.033081 0.097858
0.510000 881.111755 0.089468
0.520000 880.633179 0.082232
0.530000 880.750061 0.076943
0.540000 881.437622 0.074262
0.550000 882.506897 0.074691
0.560000 883.272705 0.078129
0.570000 883.457825 0.081634
0.580000 883.198242 0.083885
0.590000 882.644409 0.083969
0.600000 881.973450 0.081304
0.610000 881.330078 0.075629
0.620000 880.823059 0.069281
0.630000 880.580566 0.063581
0.640000 880.697266 0.059519
0.650000 881.228394 0.057859
0.660000 881.974487 0.059563
0.670000 882.449036 0.062694
0.680000 882.584167 0.065985
0.690000 882.447144 0.068611
0.700000 882.210999 0.070033
0.710000 882.040527 0.069815
0.720000 881.766663 0.068394
0.730000 881.269592 0.065967
0.740000 880.594177 0.062896
0.750000 879.920715 0.059719
0.760000 879.875000 0.057567
0.770000 880.331604 0.056928
0.780000 880.909363 0.057548
0.790000 881.352844 0.058926
0.800000 881.484802 0.060333
0.810000 881.292786 0.060825
0.820000 880.875305 0.060279
0.830000 880.225647 0.058940
0.840000 879.407715 0.057262
0.850000 878.554260 0.055891
0.860000 878.117065 0.056057
0.870000 878.245239 0.057509
0.880000 878.761475 0.059816
0.890000 879.454834 0.062546
0.900000 880.074585 0.065210
0.910000 880.398193 0.067111
0.920000 880.423584 0.068159
0.930000 880.163574 0.068452
0.940000 879.710388 0.068196
0.950000 879.228455 0.067700
0.960000 879.095520 0.067461
0.970000 879.275696 0.067649
0.980000 879.610291 0.068089
0.990000 879.999023 0.068544
1.000000 880.366272 0.068721
1.010000 880.639709 0.068301
1.020000 880.696533 0.067399
1.030000 880.467041 0.066159
1.040000 879.940857 0.064781
1.050000 879.162109 0.063543
1.060000 878.310852 0.063102
1.070000 877.701721 0.063605
1.080000 877.464966 0.064831
1.090000 877.641174 0.066519
1.100000 878.196777 0.068325
1.110000 878.967590 0.069616
1.120000 879.565125 0.070061
1.130000 879.817688 0.069658
1.140000 879.719238 0.068610
1.150000 879.388794 0.067284
1.160000 879.265076 0.066226
1.170000 879.425720 0.065461
1.180000 879.633911 0.064869
1.190000 879.757751 0.064356
1.200000 879.731445 0.063848
1.210000 879.735352 0.063434
1.220000 879.881226 0.063058
1.230000 880.114929 0.062629
1.240000 880.398682 0.062139
1.250000 880.693298 0.061637
1.260000 880.892822 0.061317
1.270000 880.769775 0.060916
1.280000 880.246826 0.060260
1.290000 879.406372 0.059489
1.300000 878.450928 0.058941
1.310000 877.859863 0.059320
1.320000 877.746765 0.060470
1.330000 877.958008 0.062039
1.340000 878.335449 0.063723
1.350000 878.694092 0.065208
1.360000 878.775024 0.066135
1.370000 878.624634 0.066767
1.380000 878.427246 0.067348
1.390000 878.298035 0.067943
1.400000 878.316162 0.068514
1.410000 878.467651 0.068733
1.420000 878.645325 0.068431
1.430000 878.782898 0.067778
1.440000 878.835999 0.066969
1.450000 878.776855 0.066238
1.460000 878.633484 0.065841
1.470000 878.526855 0.065653
1.480000 878.499939 0.065496
1.490000 878.578247 0.065234
1.500000 878.770081 0.064751
1.510000 879.025513 0.063975
1.520000 879.145203 0.063107
1.530000 879.094727 0.062342
1.540000 878.931763 0.061832
1.550000 878.766113 0.061696
1.560000 878.741943 0.061948
1.570000 878.768921 0.062226
1.580000 878.798889 0.062383
1.590000 878.859924 0.062397
1.600000 879.014709 0.062300
1.610000 879.368408 0.062122
1.620000 879.790527 0.061796
1.630000 880.129211 0.061307
1.640000 880.314575 0.060701
1.650000 880.322266 0.060069
1.660000 880.206970 0.059558
1.670000 879.972778 0.059072
1.680000 879.556152 0.058650
1.690000 879.013611 0.058488
1.700000 878.479309 0.058830
1.710000 878.291321 0.059868
1.720000 878.361877 0.061091
1.730000 878.457275 0.062205
1.740000 878.558838 0.063092
1.750000 878.750549 0.063721
1.760000 879.343506 0.064131
1.770000 880.118103 0.064426
1.780000 880.634583 0.064397
1.790000 880.695618 0.063944
1.800000 880.254883 0.063088
1.810000 879.671082 0.062401
1.820000 879.474609 0.062050
1.830000 879.648254 0.061880
1.840000 880.105103 0.061842
1.850000 880.711792 0.061936
1.860000 881.335693 0.062334
1.870000 881.837646 0.062999
1.880000 882.066101 0.063482
1.890000 881.946350 0.063504
1.900000 881.468445 0.062912
1.910000 880.786743 0.061952
1.920000 880.136047 0.061095
1.930000 879.668274 0.060462
1.940000 879.541321 0.060085
1.950000 879.886414 0.059983
1.960000 880.722351 0.060471
1.970000 881.377380 0.061399
1.980000 881.567749 0.062090
1.990000 881.280579 0.062226
2.000000 880.639404 0.061664
2.010000 879.917664 0.060511
2.020000 879.351440 0.059253
2.030000 879.028442 0.058237
2.040000 879.000732 0.057678
2.050000 879.278076 0.057714
2.060000 879.761597 0.058396
2.070000 880.065369 0.059186
2.080000 880.150757 0.059838
2.090000 880.151489 0.060379
2.100000 880.260986 0.060936
2.110000 880.647827 0.061716
2.120000 880.989441 0.062517
2.130000 881.131287 0.063033
2.140000 881.073425 0.063193
2.150000 880.882935 0.063031
2.160000 880.684204 0.062720
2.170000 880.607239 0.062447
2.180000 880.682739 0.062362
2.190000 880.909302 0.062630
2.200000 881.270447 0.063408
2.210000 881.777710 0.064888
2.220000 882.300781 0.066744
2.230000 882.601746 0.068394
2.240000 882.559998 0.069395
2.250000 882.139832 0.069400
2.260000 881.529297 0.068233
2.270000 881.102661 0.066440
2.280000 880.904358 0.064496
2.290000 880.928345 0.062720
2.300000 881.142090 0.061413
2.310000 881.529175 0.061032
2.320000 881.999329 0.061691
2.330000 882.442932 0.063033
2.340000 882.776428 0.064761
2.350000 882.935364 0.066546
2.360000 882.900146 0.068009
2.370000 882.815552 0.068964
2.380000 882.692383 0.069287
2.390000 882.473572 0.068810
2.400000 882.110413 0.067431
2.410000 881.679871 0.065212
2.420000 881.602966 0.063119
2.430000 881.909729 0.061951
2.440000 882.458435 0.062081
2.450000 883.026306 0.063590
2.460000 883.268127 0.065933
2.470000 883.193787 0.067921
2.480000 882.992432 0.069169
2.490000 882.770874 0.069582
2.500000 882.608337 0.069211
2.510000 882.520386 0.068262
2.520000 882.398438 0.067182
2.530000 882.272827 0.066222
2.540000 882.217102 0.065558
2.550000 882.298462 0.065342
2.560000 882.513062 0.065773
2.570000 882.624695 0.066482
2.580000 882.555969 0.066927
2.590000 882.333191 0.066859
2.600000 882.030273 0.066158
2.610000 881.795288 0.064866
2.620000 881.553589 0.063139
2.630000 881.184204 0.061058
2.640000 880.752014 0.058777
2.650000 880.397278 0.056532
2.660000 880.421082 0.054833
2.670000 880.778931 0.054104
2.680000 881.292725 0.054181
2.690000 881.851990 0.054955
2.700000 882.337036 0.056241
2.710000 882.525513 0.057672
2.720000 882.305603 0.058451
2.730000 881.871216 0.058397
2.740000 881.392883 0.057613
2.750000 881.046448 0.056368
2.760000 881.043213 0.055224
2.770000 881.314514 0.054839
2.780000 881.622009 0.055163
2.790000 881.862122 0.056007
2.800000 881.971741 0.057099
2.810000 881.930786 0.058063
2.820000 881.786621 0.058623
2.830000 881.640747 0.058846
2.840000 881.561951 0.058815
2.850000 881.603027 0.058653
2.860000 881.794250 0.058586
2.870000 882.017029 0.058860
2.880000 882.161072 0.059376
2.890000 882.213074 0.059988
2.900000 882.204407 0.060546
2.910000 882.260071 0.060936
2.920000 882.372803 0.061257
2.930000 882.394104 0.061480
2.940000 882.298096 0.061528
2.950000 882.122986 0.061354
2.960000 882.057983 0.061053
2.970000 882.214478 0.061098
2.980000 882.465759 0.061635
2.990000 882.719727 0.062590
3.000000 882.898132 0.063786
3.010000 882.953979 0.064901
3.020000 882.939819 0.065697
3.030000 882.895874 0.066198
3.040000 882.819702 0.066392
3.050000 882.697998 0.066259
3.060000 882.492615 0.065686
3.070000 882.191528 0.064581
3.080000 881.892395 0.063132
3.090000 881.706238 0.061560
3.100000 881.738037 0.060156
3.110000 882.096069 0.059469
3.120000 882.617493 0.060021
3.130000 883.081604 0.061527
3.140000 883.410950 0.063745
3.150000 883.565979 0.066360
3.160000 883.526917 0.068900
3.170000 883.234802 0.070395
3.180000 882.780151 0.070531
3.190000 882.326965 0.069406
3.200000 882.052673 0.067381
3.210000 882.158447 0.065302
3.220000 882.480530 0.064334
3.230000 882.755066 0.064333
3.240000 882.894348 0.064984
3.250000 882.861816 0.065871
3.260000 882.675781 0.066422
3.270000 882.431580 0.066065
3.280000 882.203247 0.064952
3.290000 882.014343 0.063329
3.300000 881.883057 0.061512
3.310000 881.845337 0.059925
3.320000 881.942810 0.058868
3.330000 882.116272 0.058337
3.340000 882.330261 0.058347
3.350000 882.550171 0.058867
3.360000 882.737183 0.059819
3.370000 882.752319 0.060789
3.380000 882.560608 0.061377
3.390000 882.228333 0.061380
3.400000 881.876343 0.060707
3.410000 881.746155 0.059400
3.420000 881.976624 0.058210
3.430000 882.358154 0.057780
3.440000 882.763916 0.058312
3.450000 883.106934 0.059844
3.460000 883.389221 0.062294
3.470000 883.659241 0.065426
3.480000 883.845337 0.068719
3.490000 883.890503 0.071701
3.500000 883.761658 0.073896
3.510000 883.462524 0.074670
3.520000 883.093872 0.073839
3.530000 882.755188 0.072051
3.540000 882.506653 0.069709
3.550000 882.399841 0.067257
3.560000 882.498596 0.065308
3.570000 882.719666 0.064448
3.580000 882.891479 0.064332
3.590000 882.991394 0.064696
3.600000 883.046387 0.065326
3.610000 883.168762 0.066220
3.620000 883.323181 0.067594
3.630000 883.369324 0.069048
3.640000 883.272705 0.070148
3.650000 883.048157 0.070513
3.660000 882.794556 0.069817
3.670000 882.680176 0.068452
3.680000 882.691772 0.067056
3.690000 882.766357 0.065853
3.700000 882.841736 0.064962
3.710000 882.876953 0.064403
3.720000 882.961609 0.064241
3.730000 883.078186 0.064443
3.740000 883.156372 0.064870
3.750000 883.139526 0.065306
3.760000 883.010315 0.065384
3.770000 882.989197 0.065033
3.780000 883.147888 0.064848
3.790000 883.398743 0.065164
3.800000 883.618408 0.066112
3.810000 883.631653 0.067446
3.820000 883.447388 0.068320
3.830000 883.257385 0.068646
3.840000 883.119568 0.068581
3.850000 883.045532 0.068298
3.860000 882.971741 0.067906
3.870000 882.775330 0.067035
3.880000 882.509338 0.065588
3.890000 882.251587 0.063686
3.900000 882.082458 0.061554
3.910000 882.094666 0.059589
3.920000 882.322571 0.058408
3.930000 882.613892 0.058126
3.940000 882.870422 0.058719
3.950000 883.021973 0.060037
3.960000 883.039917 0.061762
3.970000 883.013428 0.063304
3.980000 882.972595 0.064327
3.990000 882.883606 0.064616
4.000000 882.711914 0.064030
4.010000 882.423218 0.062447
4.020000 882.132385 0.060298
4.030000 882.017578 0.058432
4.040000 882.150208 0.057336
4.050000 882.533936 0.057376
4.060000 883.070862 0.058851
4.070000 883.463196 0.061390
4.080000 883.682617 0.064163
4.090000 883.779358 0.066903
4.100000 883.799072 0.069418
4.110000 883.752930 0.071537
4.120000 883.602600 0.072815
4.130000 883.443481 0.073270
4.140000 883.352600 0.073124
4.150000 883.379028 0.072735
4.160000 883.528564 0.072690
4.170000 883.668335 0.073374
4.180000 883.719849 0.074155
4.190000 883.696228 0.074711
4.200000 883.640930 0.074908
4.210000 883.643738 0.074920
4.220000 883.736755 0.075375
4.230000 883.808899 0.076089
4.240000 883.811951 0.076697
4.250000 883.737000 0.076898
4.260000 883.637085 0.076499
4.270000 883.619995 0.075889
4.280000 883.658691 0.075492
4.290000 883.713379 0.075369
4.300000 883.750000 0.075503
4.310000 883.745728 0.075792
4.320000 883.719299 0.076113
4.330000 883.687012 0.076321
4.340000 883.629944 0.076224
4.350000 883.531250 0.075629
4.360000 883.378540 0.074297
4.370000 883.229919 0.072223
4.380000 883.112549 0.069958
4.390000 883.032043 0.067804
4.400000 883.001831 0.066023
4.410000 883.058289 0.064870
4.420000 883.248169 0.064662
4.430000 883.499634 0.065236
4.440000 883.763916 0.066502
4.450000 883.994263 0.068289
4.460000 884.140991 0.070321
4.470000 884.120850 0.071838
4.480000 883.941101 0.072363
4.490000 883.636841 0.071774
4.500000 883.275818 0.070156
4.510000 882.978088 0.067846
4.520000 882.898010 0.065653
4.530000 882.958618 0.063993
4.540000 883.093262 0.062923
4.550000 883.240784 0.062428
4.560000 883.348450 0.062442
4.570000 883.382690 0.062863
4.580000 883.335999 0.063268
4.590000 883.201233 0.063357
4.600000 882.993225 0.062904
4.610000 882.757935 0.061747
4.620000 882.580261 0.060037
4.630000 882.440613 0.058200
4.640000 882.333313 0.056368
4.650000 882.266663 0.054643
4.660000 882.274292 0.053114
4.670000 882.350525 0.051838
4.680000 882.399475 0.050395
4.690000 882.482361 0.048323
4.700000 882.758057 0.045267
4.710000 883.548157 0.040969
4.720000 885.219299 0.036653
4.730000 886.919128 0.033918
4.740000 888.184998 0.032610
4.750000 888.727234 0.032073
4.760000 888.445801 0.031023
4.770000 887.644775 0.027793
4.780000 886.731140 0.023077
4.790000 885.778137 0.017748
4.800000 884.891052 0.012638
4.810000 884.250122 0.008556
4.820000 883.508667 0.005865
4.830000 881.457581 0.004086
4.840000 879.656128 0.003156
4.850000 879.428772 0.002944
4.860000 881.733398 0.003231
4.870000 884.706909 0.003862
4.880000 885.163635 0.004177
4.890000 884.208374 0.004244
4.900000 882.944153 0.004214
4.910000 882.287537 0.004322
4.920000 882.841980 0.004620
4.930000 883.884277 0.004863
4.940000 884.991577 0.004859
4.950000 885.894531 0.004481
4.960000 886.508362 0.003673
4.970000 886.799744 0.002594
4.980000 890.598206 0.001584
4.990000 894.533630 0.000884
5.000000 893.228882 0.000599
5.010000 878.525085 0.000678
5.020000 882.966064 0.000913
5.030000 884.724121 0.001084
5.040000 884.980408 0.001157
5.050000 884.707642 0.001125
5.060000 883.875244 0.001004
5.070000 882.908447 0.000857
5.080000 882.383606 0.000735
5.090000 882.270203 0.000643
5.100000 882.384460 0.000576
5.110000 882.368896 0.000522
5.120000 882.156860 0.000468
5.130000 882.241455 0.000420
5.140000 882.671082 0.000380
5.150000 883.358948 0.000350
5.160000 884.067566 0.000326
5.170000 884.407410 0.000301
5.180000 884.333313 0.000269
5.190000 883.924561 0.000233
5.200000 883.374512 0.000193
5.210000 883.010742 0.000153
5.220000 883.570984 0.000118
5.230000 884.648254 0.000092
5.240000 885.660767 0.000074
5.250000 886.151184 0.000063
5.260000 885.793640 0.000057
5.270000 884.665833 0.000052
5.280000 883.168091 0.000046
5.290000 881.543274 0.000039
5.300000 880.309204 0.000027
5.310000 880.309204 0.000000