0.000000 4082.454590 0.000583
0.010000 4079.088867 0.000800
0.020000 4077.262207 0.000861
0.030000 4077.671631 0.000865
0.040000 4079.303955 0.001033
0.050000 4079.469482 0.001702
0.060000 4080.387451 0.003356
0.070000 4083.386475 0.005348
0.080000 4087.762695 0.007263
0.090000 4093.339111 0.008920
0.100000 4100.421875 0.010360
0.110000 4105.679688 0.012015
0.120000 4109.781250 0.013536
0.130000 4113.013184 0.015014
0.140000 4115.502441 0.016393
0.150000 4117.230957 0.017483
0.160000 4118.305664 0.017805
0.170000 4119.339844 0.017634
0.180000 4120.687012 0.017078
0.190000 4122.667480 0.016286
0.200000 4125.560547 0.015462
0.210000 4128.463867 0.015317
0.220000 4129.860352 0.015249
0.230000 4129.812988 0.015069
0.240000 4128.666016 0.014778
0.250000 4127.038574 0.014538
0.260000 4125.604004 0.013919
0.270000 4124.275391 0.012740
0.280000 4123.093750 0.011255
0.290000 4122.152344 0.009750
0.300000 4121.592285 0.008541
0.310000 4121.762695 0.007787
0.320000 4122.304688 0.007136
0.330000 4123.021484 0.006481
0.340000 4123.724121 0.005810
0.350000 4124.224121 0.005190
0.360000 4124.311523 0.004905
0.370000 4124.847168 0.004972
0.380000 4126.089355 0.005305
0.390000 4127.843750 0.005777
0.400000 4129.522949 0.006218
0.410000 4130.167969 0.006290
0.420000 4130.480469 0.006125
0.430000 4130.647461 0.005798
0.440000 4130.612793 0.005365
0.450000 4130.126465 0.004878
0.460000 4128.799805 0.004593
0.470000 4126.777344 0.004729
0.480000 4124.095703 0.005306
0.490000 4120.974609 0.006266
0.500000 4117.793457 0.007472
0.510000 4114.840332 0.008691
0.520000 4112.869141 0.009654
0.530000 4112.366699 0.010144
0.540000 4113.519043 0.010213
0.550000 4116.209473 0.010133
0.560000 4118.939941 0.010635
0.570000 4120.010254 0.010995
0.580000 4119.471191 0.011000
0.590000 4117.638184 0.010687
0.600000 4115.095703 0.010291
0.610000 4112.961914 0.009953
0.620000 4111.988770 0.009429
0.630000 4112.124023 0.008705
0.640000 4113.093750 0.007855
0.650000 4114.418457 0.007026
0.660000 4115.300781 0.006332
0.670000 4115.554199 0.005765
0.680000 4115.482422 0.005339
0.690000 4115.471191 0.005039
0.700000 4115.969727 0.004823
0.710000 4117.071289 0.004649
0.720000 4117.349609 0.004463
0.730000 4116.341309 0.004253
0.740000 4114.026367 0.004079
0.750000 4110.801270 0.004037
0.760000 4108.978027 0.004105
0.770000 4108.803711 0.004074
0.780000 4109.738770 0.003980
0.790000 4111.192871 0.003849
0.800000 4112.489258 0.003699
0.810000 4113.024902 0.003505
0.820000 4113.125977 0.003308
0.830000 4112.642578 0.003091
0.840000 4111.107422 0.002853
0.850000 4107.950684 0.002617
0.860000 4104.470215 0.002748
0.870000 4102.724609 0.003145
0.880000 4102.552734 0.003625
0.890000 4103.497070 0.004070
0.900000 4104.840332 0.004391
0.910000 4105.771973 0.004466
0.920000 4106.255371 0.004446
0.930000 4106.380371 0.004458
0.940000 4106.241211 0.004555
0.950000 4105.944336 0.004730
0.960000 4105.417480 0.004809
0.970000 4104.873047 0.004743
0.980000 4104.599121 0.004652
0.990000 4104.741699 0.004634
1.000000 4105.333008 0.004772
1.010000 4106.040527 0.005043
1.020000 4106.398438 0.005217
1.030000 4106.559082 0.005214
1.040000 4106.601562 0.005013
1.050000 4106.529297 0.004646
1.060000 4105.570312 0.004244
1.070000 4103.484863 0.004072
1.080000 4100.953125 0.004224
1.090000 4098.830078 0.004621
1.100000 4098.052246 0.005069
1.110000 4098.755371 0.005298
1.120000 4100.239746 0.005353
1.130000 4101.655273 0.005330
1.140000 4102.446289 0.005295
1.150000 4102.272949 0.005305
1.160000 4101.811523 0.005517
1.170000 4102.055176 0.005775
1.180000 4102.890625 0.005935
1.190000 4104.045898 0.005931
1.200000 4105.123047 0.005758
1.210000 4105.607910 0.005578
1.220000 4105.604980 0.005649
1.230000 4105.539062 0.005995
1.240000 4105.757324 0.006539
1.250000 4106.546875 0.007127
1.260000 4107.812988 0.007431
1.270000 4108.596680 0.007298
1.280000 4108.468750 0.006819
1.290000 4107.271973 0.006187
1.300000 4105.089355 0.005682
1.310000 4102.807129 0.005775
1.320000 4101.432617 0.006298
1.330000 4100.892090 0.007019
1.340000 4100.914551 0.007761
1.350000 4101.068848 0.008355
1.360000 4100.669922 0.008543
1.370000 4099.921875 0.008465
1.380000 4099.272949 0.008337
1.390000 4098.890625 0.008302
1.400000 4098.799805 0.008467
1.410000 4098.937012 0.008872
1.420000 4099.343750 0.009302
1.430000 4099.916992 0.009672
1.440000 4100.480469 0.009949
1.450000 4100.818359 0.010131
1.460000 4100.754883 0.010222
1.470000 4100.538574 0.010261
1.480000 4100.389160 0.010242
1.490000 4100.425781 0.010163
1.500000 4100.708008 0.010024
1.510000 4101.145508 0.009795
1.520000 4101.433105 0.009418
1.530000 4101.527344 0.008952
1.540000 4101.495605 0.008504
1.550000 4101.464844 0.008208
1.560000 4101.607422 0.008218
1.570000 4101.864746 0.008301
1.580000 4102.010742 0.008278
1.590000 4101.937012 0.008116
1.600000 4101.626953 0.007859
1.610000 4101.457520 0.007703
1.620000 4101.870605 0.007600
1.630000 4102.809082 0.007393
1.640000 4104.078125 0.006998
1.650000 4105.388184 0.006386
1.660000 4106.368652 0.005693
1.670000 4106.730469 0.005207
1.680000 4106.343750 0.004969
1.690000 4105.253906 0.004968
1.700000 4103.681152 0.005155
1.710000 4102.459473 0.005404
1.720000 4101.825195 0.005579
1.730000 4101.378418 0.005725
1.740000 4100.990234 0.005895
1.750000 4100.680664 0.006139
1.760000 4101.027832 0.006435
1.770000 4102.172852 0.006656
1.780000 4103.543945 0.006738
1.790000 4104.655273 0.006634
1.800000 4105.086914 0.006330
1.810000 4104.814941 0.006007
1.820000 4104.854492 0.006029
1.830000 4105.477539 0.006404
1.840000 4106.638184 0.007049
1.850000 4108.124023 0.007806
1.860000 4109.591797 0.008350
1.870000 4110.855957 0.008530
1.880000 4111.767090 0.008370
1.890000 4112.237793 0.007888
1.900000 4112.207031 0.007129
1.910000 4111.453125 0.006192
1.920000 4109.803223 0.005403
1.930000 4108.047363 0.005041
1.940000 4106.914062 0.005141
1.950000 4107.073242 0.005597
1.960000 4108.959961 0.006098
1.970000 4110.886719 0.006331
1.980000 4112.042480 0.006206
1.990000 4112.134766 0.005784
2.000000 4111.062988 0.005223
2.010000 4108.471191 0.004901
2.020000 4106.231934 0.005134
2.030000 4105.087891 0.005740
2.040000 4105.069336 0.006589
2.050000 4105.874512 0.007534
2.060000 4106.919922 0.008349
2.070000 4107.354004 0.008813
2.080000 4107.131348 0.008987
2.090000 4106.563965 0.008966
2.100000 4106.143555 0.008854
2.110000 4106.646973 0.008628
2.120000 4107.959473 0.008275
2.130000 4109.314453 0.007867
2.140000 4110.313965 0.007454
2.150000 4110.697754 0.007086
2.160000 4110.342773 0.006833
2.170000 4109.784668 0.006639
2.180000 4109.517090 0.006413
2.190000 4109.856934 0.006132
2.200000 4111.040527 0.005816
2.210000 4113.301270 0.005655
2.220000 4115.677246 0.005917
2.230000 4117.082520 0.006379
2.240000 4117.185059 0.006859
2.250000 4116.042480 0.007200
2.260000 4114.411133 0.007373
2.270000 4113.112793 0.007384
2.280000 4112.241699 0.007303
2.290000 4111.926758 0.007198
2.300000 4112.270508 0.007148
2.310000 4113.349121 0.007268
2.320000 4114.576172 0.007539
2.330000 4115.667480 0.007818
2.340000 4116.577637 0.008048
2.350000 4117.324707 0.008202
2.360000 4117.861328 0.008333
2.370000 4118.050293 0.008538
2.380000 4117.862793 0.008803
2.390000 4117.263184 0.009064
2.400000 4116.306641 0.009240
2.410000 4115.445312 0.009239
2.420000 4115.542480 0.009104
2.430000 4116.466797 0.009028
2.440000 4117.845703 0.009122
2.450000 4119.173340 0.009431
2.460000 4119.720215 0.009799
2.470000 4119.663086 0.010066
2.480000 4119.313477 0.010224
2.490000 4118.839355 0.010278
2.500000 4118.393555 0.010245
2.510000 4118.175293 0.010174
2.520000 4118.119141 0.010163
2.530000 4118.063477 0.010260
2.540000 4118.029785 0.010462
2.550000 4118.100098 0.010736
2.560000 4118.457520 0.010976
2.570000 4118.757324 0.011091
2.580000 4118.684570 0.011081
2.590000 4118.173828 0.010955
2.600000 4117.294434 0.010720
2.610000 4116.375977 0.010321
2.620000 4115.530273 0.009643
2.630000 4114.522461 0.008801
2.640000 4113.396973 0.007947
2.650000 4112.310547 0.007231
2.660000 4111.651367 0.006755
2.670000 4111.732910 0.006388
2.680000 4112.626465 0.006092
2.690000 4114.157715 0.005973
2.700000 4115.922852 0.006141
2.710000 4116.833984 0.006646
2.720000 4116.234375 0.007123
2.730000 4115.094727 0.007495
2.740000 4114.010742 0.007714
2.750000 4113.444336 0.007756
2.760000 4113.588379 0.007628
2.770000 4114.075684 0.007505
2.780000 4114.584473 0.007450
2.790000 4114.967285 0.007455
2.800000 4115.129395 0.007491
2.810000 4115.025391 0.007517
2.820000 4114.844727 0.007564
2.830000 4114.743164 0.007683
2.840000 4114.731934 0.007897
2.850000 4114.790527 0.008201
2.860000 4114.904785 0.008519
2.870000 4115.255859 0.008666
2.880000 4115.736328 0.008653
2.890000 4116.138184 0.008553
2.900000 4116.290039 0.008457
2.910000 4116.238770 0.008467
2.920000 4116.397461 0.008495
2.930000 4116.567383 0.008461
2.940000 4116.545410 0.008394
2.950000 4116.231934 0.008350
2.960000 4115.930176 0.008432
2.970000 4116.357422 0.008521
2.980000 4117.241211 0.008579
2.990000 4118.185547 0.008635
3.000000 4118.810059 0.008723
3.010000 4118.902344 0.008862
3.020000 4118.764648 0.008992
3.030000 4118.677734 0.009058
3.040000 4118.649902 0.009052
3.050000 4118.606934 0.008985
3.060000 4118.355957 0.008887
3.070000 4117.805664 0.008779
3.080000 4117.156738 0.008686
3.090000 4116.627930 0.008634
3.100000 4116.441895 0.008649
3.110000 4116.879883 0.008757
3.120000 4117.868652 0.008958
3.130000 4118.999512 0.009203
3.140000 4120.052734 0.009443
3.150000 4120.828125 0.009621
3.160000 4121.041504 0.009626
3.170000 4120.312012 0.009368
3.180000 4119.040527 0.009049
3.190000 4117.829102 0.008781
3.200000 4117.277832 0.008635
3.210000 4117.924316 0.008596
3.220000 4118.939941 0.008730
3.230000 4119.531738 0.008912
3.240000 4119.701660 0.009091
3.250000 4119.607422 0.009227
3.260000 4119.443848 0.009275
3.270000 4118.931641 0.009196
3.280000 4118.134766 0.009089
3.290000 4117.309570 0.009015
3.300000 4116.725586 0.009013
3.310000 4116.615234 0.009074
3.320000 4116.882324 0.009139
3.330000 4117.322266 0.009179
3.340000 4117.809570 0.009195
3.350000 4118.223145 0.009197
3.360000 4118.418457 0.009205
3.370000 4118.321777 0.009211
3.380000 4117.878906 0.009193
3.390000 4117.137207 0.009176
3.400000 4116.282715 0.009192
3.410000 4115.875000 0.009276
3.420000 4116.544434 0.009339
3.430000 4117.700684 0.009444
3.440000 4118.881348 0.009599
3.450000 4119.769043 0.009798
3.460000 4120.433594 0.010012
3.470000 4121.216309 0.010143
3.480000 4122.007812 0.010105
3.490000 4122.627441 0.009886
3.500000 4122.893555 0.009519
3.510000 4122.603027 0.009123
3.520000 4121.715820 0.008898
3.530000 4120.593750 0.008854
3.540000 4119.562988 0.008957
3.550000 4118.928223 0.009146
3.560000 4118.998047 0.009316
3.570000 4119.642090 0.009408
3.580000 4120.192383 0.009471
3.590000 4120.482422 0.009531
3.600000 4120.550781 0.009601
3.610000 4120.831543 0.009676
3.620000 4121.515137 0.009663
3.630000 4121.956543 0.009541
3.640000 4121.897949 0.009335
3.650000 4121.270020 0.009105
3.660000 4120.324707 0.008990
3.670000 4119.679688 0.009018
3.680000 4119.481445 0.009093
3.690000 4119.643555 0.009203
3.700000 4120.005859 0.009350
3.710000 4120.311523 0.009549
3.720000 4120.548828 0.009728
3.730000 4120.826172 0.009821
3.740000 4121.044922 0.009816
3.750000 4121.089844 0.009720
3.760000 4120.835938 0.009551
3.770000 4120.771484 0.009280
3.780000 4121.281738 0.008906
3.790000 4122.113770 0.008502
3.800000 4122.856934 0.008139
3.810000 4122.858398 0.007869
3.820000 4122.336426 0.007744
3.830000 4122.055176 0.007740
3.840000 4122.018066 0.007839
3.850000 4122.033203 0.008014
3.860000 4121.604492 0.008233
3.870000 4120.633789 0.008473
3.880000 4119.570312 0.008726
3.890000 4118.578125 0.008963
3.900000 4117.803223 0.009151
3.910000 4117.447754 0.009240
3.920000 4117.835938 0.009218
3.930000 4118.624023 0.009208
3.940000 4119.443359 0.009252
3.950000 4119.977051 0.009362
3.960000 4119.998047 0.009497
3.970000 4119.828613 0.009617
3.980000 4119.662598 0.009688
3.990000 4119.414062 0.009701
4.000000 4118.984863 0.009661
4.010000 4118.281738 0.009589
4.020000 4117.619629 0.009524
4.030000 4117.393066 0.009440
4.040000 4117.771973 0.009337
4.050000 4118.777832 0.009236
4.060000 4120.222168 0.009217
4.070000 4121.343262 0.009248
4.080000 4122.071777 0.009169
4.090000 4122.630371 0.008975
4.100000 4123.179688 0.008712
4.110000 4123.686523 0.008494
4.120000 4123.556152 0.008402
4.130000 4123.041504 0.008373
4.140000 4122.584961 0.008354
4.150000 4122.533691 0.008309
4.160000 4123.042480 0.008231
4.170000 4123.536133 0.008191
4.180000 4123.605957 0.008138
4.190000 4123.371582 0.008047
4.200000 4123.108887 0.007901
4.210000 4123.339844 0.007685
4.220000 4124.102051 0.007438
4.230000 4124.570312 0.007190
4.240000 4124.531250 0.006937
4.250000 4124.045410 0.006681
4.260000 4123.593262 0.006442
4.270000 4123.834961 0.006191
4.280000 4124.354004 0.005973
4.290000 4124.794434 0.005816
4.300000 4124.918945 0.005734
4.310000 4124.682617 0.005721
4.320000 4124.481934 0.005734
4.330000 4124.309082 0.005748
4.340000 4123.916992 0.005765
4.350000 4123.157715 0.005787
4.360000 4122.067383 0.005813
4.370000 4121.327148 0.005796
4.380000 4120.939453 0.005741
4.390000 4120.764160 0.005689
4.400000 4120.733398 0.005669
4.410000 4120.943848 0.005682
4.420000 4121.664551 0.005653
4.430000 4122.698730 0.005547
4.440000 4123.923340 0.005360
4.450000 4125.170898 0.005114
4.460000 4126.184570 0.004863
4.470000 4126.364258 0.004705
4.480000 4125.738770 0.004654
4.490000 4124.478027 0.004712
4.500000 4122.888672 0.004869
4.510000 4121.486328 0.005104
4.520000 4120.778320 0.005364
4.530000 4120.628906 0.005579
4.540000 4120.873535 0.005716
4.550000 4121.333984 0.005766
4.560000 4121.821289 0.005753
4.570000 4122.151855 0.005844
4.580000 4122.091309 0.006091
4.590000 4121.581543 0.006439
4.600000 4120.747070 0.006799
4.610000 4119.985840 0.007034
4.620000 4119.666016 0.006996
4.630000 4119.271484 0.006838
4.640000 4118.660645 0.006642
4.650000 4117.914551 0.006469
4.660000 4117.442871 0.006359
4.670000 4117.615723 0.006277
4.680000 4117.880859 0.006105
4.690000 4118.009277 0.005716
4.700000 4117.936035 0.005030
4.710000 4117.821777 0.004025
4.720000 4118.314941 0.002950
4.730000 4119.144531 0.002085
4.740000 4119.556152 0.001462
4.750000 4118.702148 0.001061
4.760000 4115.517578 0.000823
4.770000 4112.326172 0.000701
4.780000 4111.178711 0.000579
4.790000 4111.219238 0.000470
4.800000 4111.738281 0.000389
4.810000 4112.417969 0.000349
4.820000 4114.608887 0.000338
4.830000 4117.508301 0.000341
4.840000 4119.972656 0.000342
4.850000 4121.315918 0.000333
4.860000 4121.459961 0.000309
4.870000 4120.340332 0.000279
4.880000 4118.940430 0.000249
4.890000 4117.905762 0.000219
4.900000 4117.645996 0.000188
4.910000 4118.299805 0.000158
4.920000 4119.533203 0.000132
4.930000 4120.727539 0.000110
4.940000 4121.623047 0.000091
4.950000 4122.013184 0.000075
4.960000 4121.723633 0.000062
4.970000 4120.808105 0.000052
4.980000 4120.096191 0.000044
4.990000 4119.807129 0.000038
5.000000 4119.872559 0.000027
5.010000 4119.872559 0.000001
