0.000000 1427.389160 0.020108
0.010000 1427.077759 0.040520
0.020000 1428.351196 0.063156
0.030000 1430.525513 0.086481
0.040000 1433.309448 0.109931
0.050000 1436.800049 0.133890
0.060000 1441.319458 0.152609
0.070000 1448.979126 0.158215
0.080000 1456.801880 0.165660
0.090000 1462.704956 0.181990
0.100000 1465.476440 0.206638
0.110000 1466.698853 0.235723
0.120000 1467.482422 0.266528
0.130000 1468.105347 0.296207
0.140000 1468.714722 0.321381
0.150000 1469.337646 0.338157
0.160000 1469.989014 0.341458
0.170000 1470.689087 0.338638
0.180000 1471.464844 0.333753
0.190000 1472.339966 0.329869
0.200000 1473.333618 0.329200
0.210000 1474.212646 0.334336
0.220000 1474.682739 0.341725
0.230000 1474.699829 0.349385
0.240000 1474.332764 0.356145
0.250000 1473.757690 0.361540
0.260000 1473.235107 0.365301
0.270000 1472.855225 0.367887
0.280000 1472.636475 0.369504
0.290000 1472.579712 0.370249
0.300000 1472.667114 0.370132
0.310000 1472.815552 0.368402
0.320000 1472.940552 0.364826
0.330000 1473.071899 0.359640
0.340000 1473.230225 0.353467
0.350000 1473.426636 0.347301
0.360000 1473.578979 0.343083
0.370000 1473.725220 0.340876
0.380000 1473.934082 0.340287
0.390000 1474.213501 0.340786
0.400000 1474.519165 0.341673
0.410000 1474.695679 0.341432
0.420000 1474.840942 0.340084
0.430000 1475.004028 0.338307
0.440000 1475.148193 0.336496
0.450000 1475.165039 0.334814
0.460000 1474.828247 0.332323
0.470000 1474.264893 0.328310
0.480000 1473.493530 0.321921
0.490000 1472.507690 0.312520
0.500000 1471.292236 0.299740
0.510000 1470.053467 0.285224
0.520000 1469.197510 0.272558
0.530000 1468.854004 0.264275
0.540000 1469.038086 0.262461
0.550000 1469.656250 0.268729
0.560000 1470.342651 0.283256
0.570000 1470.696411 0.297633
0.580000 1470.703369 0.307778
0.590000 1470.418335 0.311380
0.600000 1469.959351 0.307555
0.610000 1469.487549 0.296916
0.620000 1469.133911 0.285301
0.630000 1468.956055 0.275555
0.640000 1468.994263 0.269543
0.650000 1469.268677 0.268390
0.660000 1469.716309 0.272517
0.670000 1470.056030 0.277616
0.680000 1470.223267 0.281129
0.690000 1470.233032 0.281636
0.700000 1470.159668 0.278572
0.710000 1470.046631 0.272736
0.720000 1469.780518 0.266495
0.730000 1469.334839 0.260425
0.740000 1468.781006 0.254909
0.750000 1468.271973 0.250242
0.760000 1468.161377 0.247634
0.770000 1468.345825 0.248006
0.780000 1468.620483 0.251382
0.790000 1468.839600 0.256992
0.800000 1468.890991 0.263362
0.810000 1468.722900 0.267496
0.820000 1468.420532 0.268304
0.830000 1468.021362 0.266028
0.840000 1467.549561 0.261094
0.850000 1467.028564 0.254206
0.860000 1466.552490 0.246790
0.870000 1466.278076 0.240641
0.880000 1466.218750 0.236645
0.890000 1466.329956 0.235425
0.900000 1466.520386 0.237326
0.910000 1466.675171 0.242046
0.920000 1466.721558 0.246647
0.930000 1466.615356 0.249333
0.940000 1466.376343 0.249097
0.950000 1466.077148 0.245527
0.960000 1465.949585 0.239391
0.970000 1465.996704 0.233919
0.980000 1466.121826 0.230431
0.990000 1466.274414 0.229504
1.000000 1466.428711 0.231179
1.010000 1466.600708 0.235174
1.020000 1466.715942 0.239557
1.030000 1466.692993 0.242717
1.040000 1466.483154 0.243164
1.050000 1466.062622 0.239459
1.060000 1465.428833 0.229206
1.070000 1464.765381 0.214663
1.080000 1464.234497 0.198351
1.090000 1463.970703 0.182636
1.100000 1464.084717 0.170049
1.110000 1464.612671 0.165243
1.120000 1465.098755 0.167397
1.130000 1465.354248 0.173309
1.140000 1465.365723 0.180195
1.150000 1465.238281 0.185337
1.160000 1465.301025 0.187144
1.170000 1465.517822 0.188828
1.180000 1465.721680 0.191669
1.190000 1465.839355 0.195601
1.200000 1465.856201 0.199770
1.210000 1465.912842 0.202800
1.220000 1466.044922 0.205879
1.230000 1466.210205 0.210224
1.240000 1466.401245 0.216368
1.250000 1466.624878 0.224364
1.260000 1466.871948 0.233237
1.270000 1466.979614 0.240546
1.280000 1466.856445 0.244563
1.290000 1466.485718 0.244111
1.300000 1465.909058 0.238482
1.310000 1465.307983 0.227342
1.320000 1464.875854 0.214350
1.330000 1464.658569 0.202100
1.340000 1464.642822 0.192215
1.350000 1464.762451 0.185723
1.360000 1464.781982 0.182178
1.370000 1464.562622 0.178136
1.380000 1464.249268 0.172842
1.390000 1463.971802 0.166528
1.400000 1463.855591 0.160000
1.410000 1463.987061 0.154719
1.420000 1464.264893 0.150875
1.430000 1464.525879 0.148478
1.440000 1464.663086 0.147480
1.450000 1464.606934 0.147673
1.460000 1464.423218 0.148213
1.470000 1464.275391 0.148028
1.480000 1464.200806 0.147392
1.490000 1464.263794 0.146850
1.500000 1464.530884 0.147130
1.510000 1465.009766 0.149432
1.520000 1465.293945 0.152925
1.530000 1465.280640 0.156071
1.540000 1465.035767 0.158008
1.550000 1464.723755 0.158274
1.560000 1464.625488 0.157407
1.570000 1464.669189 0.157179
1.580000 1464.741577 0.157540
1.590000 1464.830811 0.158117
1.600000 1464.974487 0.158496
1.610000 1465.310913 0.159637
1.620000 1465.701904 0.163997
1.630000 1465.992188 0.171468
1.640000 1466.130493 0.181058
1.650000 1466.127319 0.191164
1.660000 1466.134277 0.199377
1.670000 1466.140503 0.204952
1.680000 1466.006836 0.207604
1.690000 1465.698364 0.206962
1.700000 1465.253174 0.202842
1.710000 1464.949707 0.195417
1.720000 1464.858521 0.187431
1.730000 1464.788574 0.180206
1.740000 1464.700684 0.174295
1.750000 1464.647095 0.170052
1.760000 1465.021484 0.169155
1.770000 1465.701660 0.174126
1.780000 1466.282959 0.183790
1.790000 1466.545898 0.195506
1.800000 1466.386719 0.205746
1.810000 1466.063354 0.210062
1.820000 1465.981079 0.210298
1.830000 1466.109497 0.210299
1.840000 1466.396484 0.212383
1.850000 1466.776367 0.218198
1.860000 1467.249268 0.228403
1.870000 1467.720947 0.240732
1.880000 1468.054443 0.252864
1.890000 1468.187378 0.262903
1.900000 1468.102295 0.269111
1.910000 1467.866089 0.269411
1.920000 1467.559082 0.265265
1.930000 1467.250732 0.258889
1.940000 1467.076904 0.252070
1.950000 1467.186768 0.246739
1.960000 1467.687012 0.246350
1.970000 1468.119629 0.250797
1.980000 1468.285156 0.256256
1.990000 1468.174683 0.259988
2.000000 1467.864624 0.259663
2.010000 1467.479858 0.253376
2.020000 1467.085938 0.243774
2.030000 1466.760498 0.233643
2.040000 1466.573120 0.224841
2.050000 1466.576294 0.218978
2.060000 1466.758545 0.218126
2.070000 1466.878052 0.220569
2.080000 1466.877075 0.223504
2.090000 1466.835693 0.225695
2.100000 1466.881226 0.226689
2.110000 1467.139648 0.228270
2.120000 1467.387207 0.232627
2.130000 1467.539307 0.238594
2.140000 1467.606323 0.244900
2.150000 1467.629150 0.250171
2.160000 1467.625000 0.252968
2.170000 1467.615723 0.253732
2.180000 1467.656006 0.253719
2.190000 1467.773804 0.254043
2.200000 1467.990845 0.255876
2.210000 1468.363281 0.261018
2.220000 1468.845459 0.269219
2.230000 1469.246216 0.277953
2.240000 1469.444092 0.284789
2.250000 1469.370728 0.287395
2.260000 1469.121826 0.283545
2.270000 1468.934937 0.275926
2.280000 1468.820679 0.267625
2.290000 1468.786499 0.260338
2.300000 1468.843262 0.255356
2.310000 1469.067139 0.253958
2.320000 1469.405518 0.255978
2.330000 1469.769531 0.260113
2.340000 1470.115601 0.265231
2.350000 1470.409912 0.270084
2.360000 1470.599854 0.272968
2.370000 1470.691040 0.273415
2.380000 1470.686768 0.271855
2.390000 1470.557983 0.268306
2.400000 1470.288940 0.262862
2.410000 1469.945068 0.255886
2.420000 1469.861206 0.249818
2.430000 1470.070435 0.246603
2.440000 1470.470703 0.246964
2.450000 1470.904663 0.250771
2.460000 1471.172241 0.255907
2.470000 1471.243042 0.259014
2.480000 1471.187012 0.259738
2.490000 1471.070679 0.258401
2.500000 1470.964722 0.255706
2.510000 1470.936523 0.252809
2.520000 1470.875854 0.250690
2.530000 1470.763916 0.249294
2.540000 1470.670776 0.248589
2.550000 1470.680054 0.248577
2.560000 1470.834839 0.249711
2.570000 1470.933594 0.251961
2.580000 1470.903198 0.254198
2.590000 1470.748779 0.255569
2.600000 1470.507446 0.255361
2.610000 1470.254883 0.253009
2.620000 1469.950195 0.248754
2.630000 1469.520264 0.243182
2.640000 1469.034424 0.236955
2.650000 1468.619995 0.230904
2.660000 1468.524048 0.226435
2.670000 1468.676514 0.225190
2.680000 1468.943115 0.227025
2.690000 1469.270508 0.231600
2.700000 1469.599731 0.238184
2.710000 1469.777100 0.245199
2.720000 1469.698120 0.249595
2.730000 1469.498657 0.250631
2.740000 1469.272827 0.248567
2.750000 1469.109619 0.244321
2.760000 1469.102417 0.240063
2.770000 1469.239014 0.238225
2.780000 1469.412231 0.238588
2.790000 1469.564209 0.240515
2.800000 1469.652222 0.243116
2.810000 1469.654541 0.245165
2.820000 1469.590454 0.245874
2.830000 1469.519531 0.245753
2.840000 1469.481567 0.245314
2.850000 1469.508179 0.245096
2.860000 1469.621582 0.245678
2.870000 1469.772095 0.247125
2.880000 1469.883179 0.249056
2.890000 1469.941406 0.251091
2.900000 1469.967529 0.252823
2.910000 1470.071289 0.253716
2.920000 1470.242676 0.253885
2.930000 1470.324097 0.253373
2.940000 1470.281738 0.251976
2.950000 1470.146362 0.249595
2.960000 1470.098999 0.246538
2.970000 1470.237183 0.244702
2.980000 1470.454956 0.244864
2.990000 1470.698608 0.246761
3.000000 1470.923584 0.249657
3.010000 1471.090942 0.252055
3.020000 1471.175415 0.252764
3.030000 1471.206787 0.252188
3.040000 1471.193359 0.250658
3.050000 1471.134155 0.248507
3.060000 1470.989746 0.245889
3.070000 1470.717285 0.242578
3.080000 1470.404907 0.238746
3.090000 1470.154053 0.234872
3.100000 1470.064819 0.231674
3.110000 1470.244629 0.230656
3.120000 1470.600586 0.233156
3.130000 1470.989746 0.238085
3.140000 1471.353149 0.244292
3.150000 1471.642578 0.250412
3.160000 1471.786255 0.254498
3.170000 1471.671631 0.254840
3.180000 1471.369263 0.252037
3.190000 1471.016113 0.247031
3.200000 1470.765503 0.241172
3.210000 1470.793213 0.236716
3.220000 1470.973511 0.235793
3.230000 1471.135986 0.237284
3.240000 1471.233398 0.240081
3.250000 1471.239258 0.242988
3.260000 1471.118408 0.244685
3.270000 1470.888794 0.244268
3.280000 1470.658203 0.242292
3.290000 1470.462036 0.239396
3.300000 1470.312500 0.236310
3.310000 1470.186890 0.233899
3.320000 1470.144775 0.232355
3.330000 1470.208252 0.231635
3.340000 1470.356812 0.232007
3.350000 1470.556396 0.233654
3.360000 1470.761230 0.236601
3.370000 1470.870239 0.239526
3.380000 1470.814941 0.241033
3.390000 1470.604736 0.240468
3.400000 1470.305176 0.237634
3.410000 1470.108154 0.233066
3.420000 1470.219360 0.229474
3.430000 1470.495483 0.228535
3.440000 1470.839966 0.230376
3.450000 1471.185059 0.234514
3.460000 1471.542847 0.239682
3.470000 1471.949463 0.244613
3.480000 1472.301514 0.248987
3.490000 1472.526978 0.252354
3.500000 1472.578491 0.254239
3.510000 1472.441772 0.253880
3.520000 1472.162354 0.251162
3.530000 1471.821167 0.247252
3.540000 1471.493042 0.242929
3.550000 1471.256348 0.239020
3.560000 1471.215088 0.236666
3.570000 1471.301392 0.236871
3.580000 1471.356567 0.238541
3.590000 1471.382324 0.240768
3.600000 1471.423218 0.242794
3.610000 1471.593994 0.244242
3.620000 1471.815918 0.245795
3.630000 1471.927124 0.247109
3.640000 1471.903564 0.247504
3.650000 1471.764893 0.246407
3.660000 1471.589966 0.243412
3.670000 1471.457275 0.239476
3.680000 1471.388550 0.235984
3.690000 1471.374146 0.233566
3.700000 1471.395386 0.232572
3.710000 1471.424927 0.233032
3.720000 1471.514526 0.234139
3.730000 1471.648926 0.235213
3.740000 1471.755859 0.235883
3.750000 1471.771362 0.235785
3.760000 1471.659668 0.234363
3.770000 1471.656128 0.231909
3.780000 1471.847046 0.229911
3.790000 1472.139648 0.229125
3.800000 1472.404541 0.229777
3.810000 1472.463135 0.231127
3.820000 1472.357544 0.231453
3.830000 1472.257812 0.230939
3.840000 1472.185303 0.230186
3.850000 1472.121460 0.229756
3.860000 1471.984985 0.230046
3.870000 1471.717163 0.230067
3.880000 1471.394409 0.228865
3.890000 1471.062988 0.226278
3.900000 1470.772339 0.222562
3.910000 1470.589722 0.218655
3.920000 1470.625977 0.216791
3.930000 1470.791870 0.217571
3.940000 1470.999390 0.220644
3.950000 1471.174561 0.225184
3.960000 1471.274292 0.229648
3.970000 1471.350708 0.232297
3.980000 1471.392944 0.233213
3.990000 1471.363647 0.232460
4.000000 1471.235718 0.230187
4.010000 1470.997681 0.226534
4.020000 1470.740601 0.222278
4.030000 1470.606934 0.218634
4.040000 1470.669434 0.216635
4.050000 1470.945923 0.217184
4.060000 1471.370850 0.221272
4.070000 1471.737183 0.227691
4.080000 1472.027100 0.233770
4.090000 1472.279297 0.238753
4.100000 1472.506836 0.242324
4.110000 1472.651001 0.244638
4.120000 1472.591675 0.245425
4.130000 1472.483887 0.244992
4.140000 1472.428223 0.243930
4.150000 1472.477417 0.243039
4.160000 1472.604004 0.243556
4.170000 1472.672485 0.245902
4.180000 1472.668945 0.248400
4.190000 1472.629272 0.250262
4.200000 1472.605713 0.251101
4.210000 1472.679199 0.251114
4.220000 1472.837524 0.251378
4.230000 1472.941040 0.251704
4.240000 1472.958984 0.251436
4.250000 1472.902588 0.250037
4.260000 1472.846558 0.247142
4.270000 1472.834229 0.243502
4.280000 1472.820801 0.240189
4.290000 1472.812256 0.237593
4.300000 1472.819824 0.235944
4.310000 1472.861816 0.235359
4.320000 1472.903931 0.235543
4.330000 1472.911865 0.235631
4.340000 1472.856201 0.235142
4.350000 1472.718140 0.233747
4.360000 1472.490356 0.231255
4.370000 1472.269531 0.227956
4.380000 1472.091187 0.224466
4.390000 1471.949097 0.221085
4.400000 1471.851685 0.218110
4.410000 1471.844727 0.215914
4.420000 1472.016724 0.215178
4.430000 1472.288940 0.215725
4.440000 1472.610596 0.217259
4.450000 1472.932983 0.219338
4.460000 1473.207275 0.221298
4.470000 1473.311768 0.222146
4.480000 1473.219971 0.221764
4.490000 1472.960083 0.220234
4.500000 1472.599243 0.217807
4.510000 1472.261108 0.214938
4.520000 1472.077515 0.212652
4.530000 1471.987305 0.211440
4.540000 1471.961426 0.211318
4.550000 1471.979248 0.212145
4.560000 1472.034546 0.213633
4.570000 1472.085693 0.215246
4.580000 1472.066772 0.216275
4.590000 1471.966064 0.216264
4.600000 1471.798706 0.214944
4.610000 1471.614746 0.212214
4.620000 1471.441284 0.208463
4.630000 1471.228638 0.204396
4.640000 1470.989502 0.200261
4.650000 1470.765625 0.196317
4.660000 1470.644165 0.192906
4.670000 1470.639771 0.190400
4.680000 1470.619629 0.187411
4.690000 1470.615967 0.182375
4.700000 1470.714844 0.173996
4.710000 1471.086548 0.161149
4.720000 1471.823120 0.144028
4.730000 1472.653076 0.124511
4.740000 1473.422485 0.102630
4.750000 1474.049805 0.078772
4.760000 1474.546265 0.053895
4.770000 1476.630615 0.032841
4.780000 1478.996826 0.018977
4.790000 1479.687866 0.011475
4.800000 1477.221436 0.009130
4.810000 1470.643921 0.010684
4.820000 1469.966919 0.011674
4.830000 1469.496948 0.011538
4.840000 1468.786377 0.010656
4.850000 1467.848633 0.009419
4.860000 1467.089355 0.008181
4.870000 1467.279785 0.007192
4.880000 1468.035278 0.006378
4.890000 1468.890869 0.005633
4.900000 1469.486084 0.004879
4.910000 1469.590210 0.004081
4.920000 1469.764282 0.003408
4.930000 1470.327148 0.002908
4.940000 1470.977661 0.002566
4.950000 1471.395020 0.002353
4.960000 1471.238037 0.002226
4.970000 1470.799805 0.002136
4.980000 1470.230835 0.001977
4.990000 1468.599365 0.001718
5.000000 1465.939941 0.001407
5.010000 1463.587402 0.001194
5.020000 1464.356323 0.001181
5.030000 1467.600098 0.001344
5.040000 1470.487427 0.001576
5.050000 1471.660278 0.001768
5.060000 1471.663452 0.001815
5.070000 1471.412476 0.001758
5.080000 1471.028687 0.001657
5.090000 1470.573608 0.001519
5.100000 1470.119507 0.001348
5.110000 1469.753906 0.001153
5.120000 1469.445312 0.000954
5.130000 1469.066895 0.000776
5.140000 1468.696655 0.000630
5.150000 1468.476562 0.000520
5.160000 1468.629761 0.000445
5.170000 1469.332642 0.000393
5.180000 1470.051758 0.000344
5.190000 1470.560669 0.000292
5.200000 1470.773682 0.000237
5.210000 1470.759888 0.000181
5.220000 1470.713745 0.000134
5.230000 1470.629639 0.000099
5.240000 1470.611206 0.000077
5.250000 1470.746948 0.000065
5.260000 1471.110107 0.000059
5.270000 1471.082886 0.000052
5.280000 1470.530640 0.000042
5.290000 1470.155273 0.000022