0.03 286.546783 0.079033
0.09 292.841064 0.107039
0.1 293.257629 0.108559
0.11 293.298126 0.107045
0.16 294.192505 0.102154
0.21 294.60379 0.108941
0.23 294.614075 0.1133
0.27 294.432312 0.10945
0.28 294.411896 0.108123
0.33 294.760529 0.109813
0.35 294.796936 0.110183
0.36 294.799347 0.109566
0.41 294.994507 0.106767
0.51 293.813293 0.102771
0.56 294.324341 0.106843
0.57 294.409119 0.107941
0.62 293.558136 0.104681
0.67 294.115875 0.110344
0.69 294.152679 0.112801
0.74 293.672668 0.111522
0.75 293.569214 0.111263
0.79 293.842957 0.113754
0.86 293.162933 0.110374
0.91 293.339783 0.112824
0.92 293.356232 0.113376
0.95 293.158295 0.113006
0.96 293.105957 0.112568
1.01 293.42041 0.113859
1.02 293.429291 0.114063
1.08 292.835541 0.1125
1.12 293.087646 0.113364
1.15 293.081482 0.11324
1.18 293.092743 0.111698
1.26 293.410492 0.112986
1.27 293.432831 0.113266
1.32 292.901001 0.111186
1.35 292.95697 0.111263
1.39 292.824158 0.110209
1.43 292.941833 0.109032
1.47 292.861908 0.107451
1.52 293.03125 0.108604
1.53 293.041992 0.108838
1.56 292.913757 0.108502
1.65 293.251129 0.109824
1.66 293.252563 0.109938
1.71 292.917847 0.109257
1.78 293.272095 0.111121
1.79 293.310913 0.111469
1.81 293.216644 0.111315
1.83 293.2052 0.110405
1.88 293.667816 0.111798
1.89 293.69754 0.112192
1.93 293.391052 0.111369
1.94 293.350037 0.111144
1.97 293.660797 0.111868
1.98 293.738617 0.11224
2.03 293.250458 0.108825
2.04 293.208557 0.108083
2.07 293.393738 0.108227
2.09 293.389648 0.10876
2.14 293.542145 0.109888
2.16 293.549408 0.109784
2.17 293.529968 0.109646
2.23 293.939423 0.112426
2.28 293.697754 0.110571
2.29 293.688354 0.110064
2.34 294.089172 0.110933
2.35 294.134399 0.111123
2.41 293.919617 0.108716
2.42 293.896881 0.108293
2.46 294.271027 0.10878
2.52 294.077087 0.105858
2.56 294.161316 0.106409
2.57 294.185547 0.106688
2.64 293.768219 0.105533
2.7 293.997559 0.106383
2.75 293.787292 0.104844
2.8 293.989746 0.10613
2.81 293.993347 0.106384
2.84 293.869476 0.106292
2.85 293.861603 0.106198
2.9 294.026917 0.107086
2.92 294.050476 0.107134
2.95 294.027618 0.106466
2.96 294.015442 0.106199
3 294.173492 0.106409
3.02 294.237946 0.106543
3.08 294.022369 0.104582
3.11 294.045013 0.103859
3.14 294.340851 0.10393
3.15 294.414978 0.103975
3.2 294.039459 0.102351
3.24 294.271271 0.102869
3.25 294.316345 0.10323
3.3 294.001099 0.101178
3.31 293.992218 0.100815
3.36 294.214569 0.101749
3.41 293.980469 0.100688
3.42 293.979095 0.100371
3.47 294.50119 0.102035
3.48 294.556305 0.102321
3.54 294.181091 0.100406
3.55 294.155487 0.100183
3.58 294.275146 0.10051
3.61 294.41391 0.100321
3.67 294.23877 0.098177
3.73 294.371033 0.097156
3.76 294.333435 0.095922
3.78 294.330444 0.095099
3.8 294.47934 0.094996
3.82 294.513794 0.095263
3.9 294.112885 0.094862
3.95 294.360657 0.09561
3.96 294.398834 0.095909
4.02 294.073425 0.094174
4.08 294.500671 0.096312
4.09 294.558838 0.096467
4.13 294.435486 0.095567
4.14 294.389984 0.095376
4.17 294.492004 0.095554
4.23 294.601288 0.094748
4.27 294.541992 0.093439
4.29 294.546875 0.092863
4.32 294.618591 0.093101
4.39 294.318787 0.090836
4.4 294.305756 0.090616
4.44 294.596436 0.090989
4.45 294.676392 0.091027
4.51 294.333801 0.089501
4.56 294.453827 0.090132
4.57 294.498077 0.090294
4.64 294.140778 0.087651
4.73 294.622253 0.066779
4.78 291.506439 0.018331
4.84 298.119049 0.008364
4.88 287.925751 0.002024
4.94 294.186768 0.004077
5.01 296.510498 0.001838
5.09 291.78891 0.000257
5.12 293.719116 0.000137
5.16 293.948334 0.000001