0.040000 2007.665161 0.047340
0.050000 2015.575562 0.056652
0.060000 2023.569824 0.064295
0.070000 2033.717896 0.075000
0.080000 2041.630005 0.089225
0.090000 2046.125610 0.105761
0.100000 2049.110107 0.121769
0.110000 2051.340576 0.131424
0.120000 2053.495117 0.136183
0.130000 2055.490723 0.138191
0.140000 2057.189941 0.138942
0.150000 2058.405029 0.139331
0.160000 2059.012207 0.138457
0.170000 2059.587402 0.135787
0.180000 2060.442627 0.131590
0.190000 2061.716553 0.127064
0.200000 2063.383057 0.124299
0.210000 2064.666016 0.128088
0.220000 2065.128174 0.135573
0.230000 2064.869873 0.144657
0.240000 2064.095215 0.153356
0.250000 2063.113037 0.159729
0.260000 2062.272949 0.161255
0.270000 2061.674561 0.159825
0.280000 2061.359375 0.156393
0.290000 2061.339355 0.151551
0.300000 2061.591797 0.145623
0.310000 2061.958984 0.138501
0.320000 2062.217773 0.130761
0.330000 2062.384521 0.122952
0.340000 2062.507812 0.115755
0.350000 2062.666992 0.109981
0.360000 2062.863281 0.107142
0.370000 2063.107422 0.106135
0.380000 2063.476318 0.106161
0.390000 2063.969238 0.106669
0.400000 2064.516602 0.107278
0.410000 2064.842529 0.107705
0.420000 2065.019043 0.107853
0.430000 2065.142090 0.107936
0.440000 2065.208984 0.108137
0.450000 2065.135010 0.108612
0.460000 2064.586182 0.108838
0.470000 2063.563721 0.107918
0.480000 2062.047363 0.105629
0.490000 2060.049072 0.102598
0.500000 2057.641846 0.100223
0.510000 2055.824951 0.102971
0.520000 2055.224365 0.109506
0.530000 2055.676758 0.118795
0.540000 2056.885986 0.129632
0.550000 2058.413086 0.140509
0.560000 2059.538086 0.147427
0.570000 2060.046387 0.150062
0.580000 2059.929688 0.149491
0.590000 2059.248535 0.146862
0.600000 2058.142578 0.143495
0.610000 2057.004639 0.140444
0.620000 2056.236816 0.137836
0.630000 2055.942139 0.135923
0.640000 2056.146484 0.134877
0.650000 2056.799805 0.134776
0.660000 2057.673828 0.135101
0.670000 2058.313721 0.134586
0.680000 2058.620117 0.132869
0.690000 2058.617432 0.130072
0.700000 2058.429443 0.126706
0.710000 2058.222412 0.123707
0.720000 2057.873535 0.121434
0.730000 2057.297119 0.120005
0.740000 2056.542725 0.119515
0.750000 2055.773682 0.120001
0.760000 2055.491943 0.121182
0.770000 2055.637451 0.122528
0.780000 2055.988037 0.123835
0.790000 2056.356445 0.124782
0.800000 2056.564209 0.124959
0.810000 2056.426025 0.123837
0.820000 2056.001709 0.122170
0.830000 2055.368896 0.120423
0.840000 2054.604004 0.118852
0.850000 2053.798340 0.117569
0.860000 2053.131592 0.116253
0.870000 2052.691895 0.114485
0.880000 2052.468018 0.112343
0.890000 2052.427734 0.110139
0.900000 2052.515381 0.108373
0.910000 2052.679688 0.107937
0.920000 2052.794434 0.108488
0.930000 2052.770996 0.109497
0.940000 2052.600830 0.110539
0.950000 2052.336182 0.111209
0.960000 2052.173828 0.110872
0.970000 2052.150635 0.109583
0.980000 2052.220703 0.107757
0.990000 2052.384766 0.105818
1.000000 2052.666260 0.104228
1.010000 2053.097168 0.103555
1.020000 2053.472412 0.103514
1.030000 2053.627930 0.103696
1.040000 2053.451904 0.103718
1.050000 2052.872070 0.103200
1.060000 2051.816406 0.101761
1.070000 2050.686279 0.099954
1.080000 2049.762207 0.098192
1.090000 2049.222412 0.096776
1.100000 2049.182861 0.095977
1.110000 2049.798340 0.096484
1.120000 2050.557617 0.098670
1.130000 2051.120117 0.101891
1.140000 2051.374023 0.105368
1.150000 2051.361816 0.108179
1.160000 2051.490479 0.109363
1.170000 2051.833984 0.109714
1.180000 2052.160889 0.109743
1.190000 2052.342773 0.109533
1.200000 2052.318604 0.108961
1.210000 2052.258789 0.107792
1.220000 2052.356934 0.106699
1.230000 2052.608398 0.106215
1.240000 2053.007324 0.106499
1.250000 2053.535156 0.107454
1.260000 2054.096924 0.108488
1.270000 2054.367920 0.108872
1.280000 2054.205811 0.108362
1.290000 2053.590820 0.106971
1.300000 2052.603760 0.104905
1.310000 2051.567871 0.102592
1.320000 2050.766846 0.100389
1.330000 2050.255615 0.098658
1.340000 2050.031250 0.097708
1.350000 2050.033691 0.097807
1.360000 2050.029541 0.099304
1.370000 2049.910645 0.101634
1.380000 2049.798096 0.104463
1.390000 2049.739258 0.107538
1.400000 2049.741211 0.110578
1.410000 2049.738037 0.112862
1.420000 2049.802979 0.114103
1.430000 2049.954102 0.114797
1.440000 2050.150146 0.115362
1.450000 2050.314209 0.116173
1.460000 2050.331543 0.117138
1.470000 2050.255859 0.117890
1.480000 2050.187988 0.118482
1.490000 2050.210205 0.118949
1.500000 2050.386475 0.119310
1.510000 2050.685547 0.119352
1.520000 2050.850098 0.118914
1.530000 2050.848145 0.118203
1.540000 2050.739746 0.117509
1.550000 2050.635986 0.117171
1.560000 2050.678223 0.117479
1.570000 2050.741699 0.117940
1.580000 2050.725830 0.118144
1.590000 2050.656006 0.117936
1.600000 2050.629883 0.117298
1.610000 2050.914551 0.116400
1.620000 2051.449951 0.115571
1.630000 2052.024658 0.114765
1.640000 2052.522217 0.113869
1.650000 2052.869629 0.112747
1.660000 2053.066895 0.111289
1.670000 2053.100586 0.109669
1.680000 2052.880615 0.107935
1.690000 2052.400635 0.106194
1.700000 2051.727051 0.104578
1.710000 2051.173096 0.103153
1.720000 2050.850830 0.101706
1.730000 2050.575684 0.100483
1.740000 2050.343994 0.099786
1.750000 2050.254395 0.099912
1.760000 2050.780273 0.101071
1.770000 2051.802979 0.103372
1.780000 2052.741211 0.106348
1.790000 2053.268555 0.109156
1.800000 2053.206299 0.110848
1.810000 2052.800293 0.111029
1.820000 2052.665283 0.110802
1.830000 2052.844971 0.110974
1.840000 2053.292969 0.111867
1.850000 2053.916504 0.113527
1.860000 2054.655029 0.115367
1.870000 2055.348633 0.116960
1.880000 2055.834961 0.118280
1.890000 2056.033447 0.119385
1.900000 2055.915527 0.120415
1.910000 2055.546387 0.121835
1.920000 2055.046875 0.123744
1.930000 2054.538818 0.125828
1.940000 2054.193359 0.127748
1.950000 2054.193115 0.129186
1.960000 2054.692139 0.130055
1.970000 2055.214844 0.130833
1.980000 2055.467529 0.131068
1.990000 2055.366699 0.130493
2.000000 2054.930420 0.129010
2.010000 2054.293701 0.127068
2.020000 2053.687256 0.125362
2.030000 2053.251465 0.123926
2.040000 2053.048828 0.122674
2.050000 2053.093018 0.121488
2.060000 2053.304199 0.120398
2.070000 2053.407715 0.119323
2.080000 2053.358887 0.118084
2.090000 2053.273193 0.116731
2.100000 2053.328613 0.115468
2.110000 2053.760010 0.115107
2.120000 2054.283691 0.116124
2.130000 2054.685059 0.117724
2.140000 2054.914062 0.119385
2.150000 2054.981934 0.120680
2.160000 2054.930664 0.121456
2.170000 2054.856445 0.122013
2.180000 2054.868896 0.122676
2.190000 2055.024658 0.123735
2.200000 2055.357422 0.125456
2.210000 2055.905518 0.128122
2.220000 2056.568115 0.131389
2.230000 2057.102783 0.134634
2.240000 2057.351562 0.137285
2.250000 2057.221436 0.138857
2.260000 2056.800049 0.139194
2.270000 2056.455078 0.139044
2.280000 2056.256348 0.138849
2.290000 2056.219727 0.138813
2.300000 2056.345703 0.139045
2.310000 2056.692383 0.139477
2.320000 2057.193115 0.139780
2.330000 2057.730225 0.139623
2.340000 2058.235107 0.138773
2.350000 2058.649170 0.137090
2.360000 2058.888672 0.134610
2.370000 2058.959961 0.132283
2.380000 2058.878174 0.130653
2.390000 2058.622559 0.129894
2.400000 2058.196045 0.130021
2.410000 2057.729980 0.130975
2.420000 2057.630371 0.132159
2.430000 2057.935547 0.133204
2.440000 2058.531494 0.133986
2.450000 2059.225586 0.134418
2.460000 2059.711914 0.134163
2.470000 2059.884277 0.133388
2.480000 2059.808350 0.132552
2.490000 2059.555420 0.131898
2.500000 2059.224121 0.131600
2.510000 2058.983154 0.131763
2.520000 2058.856689 0.132329
2.530000 2058.788574 0.133217
2.540000 2058.791748 0.134316
2.550000 2058.890869 0.135488
2.560000 2059.107422 0.136550
2.570000 2059.272461 0.137413
2.580000 2059.286133 0.138124
2.590000 2059.124756 0.138742
2.600000 2058.803223 0.139323
2.610000 2058.394043 0.139848
2.620000 2057.933105 0.139946
2.630000 2057.407471 0.139642
2.640000 2056.877930 0.139111
2.650000 2056.442383 0.138553
2.660000 2056.299805 0.138049
2.670000 2056.407959 0.137280
2.680000 2056.667969 0.136155
2.690000 2057.045898 0.134873
2.700000 2057.488525 0.133731
2.710000 2057.820312 0.133162
2.720000 2057.782471 0.132647
2.730000 2057.479004 0.131992
2.740000 2057.062744 0.131399
2.750000 2056.711914 0.131169
2.760000 2056.642090 0.131699
2.770000 2056.833252 0.132726
2.780000 2057.112305 0.133713
2.790000 2057.386719 0.134357
2.800000 2057.582764 0.134463
2.810000 2057.639893 0.134006
2.820000 2057.561035 0.133490
2.830000 2057.437744 0.133323
2.840000 2057.336914 0.133633
2.850000 2057.313965 0.134415
2.860000 2057.402832 0.135420
2.870000 2057.548584 0.136241
2.880000 2057.691650 0.136820
2.890000 2057.811035 0.137152
2.900000 2057.906982 0.137244
2.910000 2058.032715 0.137034
2.920000 2058.207275 0.136493
2.930000 2058.315674 0.135666
2.940000 2058.308105 0.134619
2.950000 2058.186768 0.133487
2.960000 2058.097656 0.132617
2.970000 2058.223633 0.132337
2.980000 2058.495117 0.132536
2.990000 2058.835938 0.133010
3.000000 2059.164307 0.133487
3.010000 2059.395752 0.133538
3.020000 2059.491699 0.133006
3.030000 2059.495850 0.132160
3.040000 2059.431885 0.131194
3.050000 2059.317383 0.130305
3.060000 2059.139404 0.129729
3.070000 2058.848877 0.129706
3.080000 2058.508789 0.130234
3.090000 2058.219238 0.131221
3.100000 2058.093018 0.132493
3.110000 2058.294922 0.133715
3.120000 2058.786865 0.134571
3.130000 2059.364746 0.134886
3.140000 2059.913330 0.134411
3.150000 2060.332275 0.132961
3.160000 2060.506836 0.130423
3.170000 2060.294678 0.127443
3.180000 2059.791992 0.124983
3.190000 2059.199707 0.123626
3.200000 2058.755615 0.123674
3.210000 2058.773926 0.124907
3.220000 2059.122803 0.126385
3.230000 2059.489990 0.127396
3.240000 2059.769043 0.127769
3.250000 2059.893799 0.127553
3.260000 2059.802002 0.127161
3.270000 2059.480957 0.127105
3.280000 2059.091797 0.127517
3.290000 2058.734863 0.128434
3.300000 2058.481201 0.129814
3.310000 2058.345215 0.131486
3.320000 2058.316162 0.132770
3.330000 2058.389160 0.133408
3.340000 2058.559570 0.133417
3.350000 2058.810303 0.132910
3.360000 2059.102783 0.132072
3.370000 2059.288574 0.131090
3.380000 2059.253174 0.130141
3.390000 2058.985352 0.129466
3.400000 2058.549805 0.129305
3.410000 2058.177734 0.129946
3.420000 2058.199707 0.130855
3.430000 2058.515869 0.131522
3.440000 2059.004883 0.131718
3.450000 2059.552002 0.131270
3.460000 2060.103271 0.129940
3.470000 2060.681396 0.127894
3.480000 2061.187500 0.125412
3.490000 2061.509521 0.122539
3.500000 2061.558350 0.119376
3.510000 2061.274902 0.116234
3.520000 2060.763672 0.113971
3.530000 2060.192627 0.112924
3.540000 2059.676514 0.113112
3.550000 2059.332520 0.114356
3.560000 2059.332031 0.116211
3.570000 2059.632568 0.118046
3.580000 2059.930664 0.119620
3.590000 2060.144531 0.120731
3.600000 2060.271240 0.121212
3.610000 2060.451172 0.120864
3.620000 2060.730713 0.119765
3.630000 2060.912109 0.118298
3.640000 2060.904785 0.116709
3.650000 2060.677490 0.115278
3.660000 2060.298828 0.114443
3.670000 2059.941162 0.114475
3.680000 2059.718750 0.115014
3.690000 2059.661621 0.115871
3.700000 2059.763184 0.116851
3.710000 2059.969482 0.117705
3.720000 2060.203369 0.117957
3.730000 2060.419922 0.117612
3.740000 2060.559814 0.116829
3.750000 2060.572510 0.115831
3.760000 2060.417480 0.114932
3.770000 2060.333496 0.114065
3.780000 2060.509033 0.112718
3.790000 2060.894775 0.110729
3.800000 2061.355469 0.108104
3.810000 2061.606934 0.105092
3.820000 2061.511475 0.102648
3.830000 2061.307373 0.101347
3.840000 2061.084473 0.101235
3.850000 2060.880127 0.102163
3.860000 2060.636475 0.103786
3.870000 2060.261230 0.105882
3.880000 2059.813721 0.108433
3.890000 2059.360596 0.111418
3.900000 2058.979980 0.114697
3.910000 2058.788330 0.117866
3.920000 2058.922363 0.120156
3.930000 2059.240479 0.121687
3.940000 2059.615234 0.122609
3.950000 2059.930420 0.123051
3.960000 2060.088379 0.123011
3.970000 2060.107178 0.122496
3.980000 2060.038818 0.121827
3.990000 2059.873779 0.121191
4.000000 2059.605713 0.120754
4.010000 2059.234131 0.120685
4.020000 2058.885742 0.121206
4.030000 2058.713379 0.122091
4.040000 2058.804932 0.123024
4.050000 2059.195557 0.123677
4.060000 2059.852783 0.123675
4.070000 2060.504150 0.122795
4.080000 2061.020752 0.121214
4.090000 2061.402100 0.119059
4.100000 2061.652588 0.116524
4.110000 2061.749268 0.113902
4.120000 2061.577393 0.111556
4.130000 2061.308838 0.109606
4.140000 2061.113037 0.107996
4.150000 2061.117188 0.106628
4.160000 2061.383057 0.105367
4.170000 2061.659180 0.104173
4.180000 2061.768066 0.102962
4.190000 2061.740723 0.101778
4.200000 2061.666748 0.100666
4.210000 2061.723389 0.099659
4.220000 2061.982178 0.098528
4.230000 2062.210449 0.097059
4.240000 2062.284180 0.095218
4.250000 2062.155762 0.093115
4.260000 2061.896484 0.091105
4.270000 2061.764893 0.089640
4.280000 2061.791992 0.088545
4.290000 2061.929443 0.087696
4.300000 2062.116211 0.087003
4.310000 2062.281494 0.086447
4.320000 2062.361572 0.086199
4.330000 2062.323242 0.086248
4.340000 2062.131592 0.086534
4.350000 2061.781738 0.086996
4.360000 2061.311035 0.087595
4.370000 2060.893311 0.088427
4.380000 2060.582520 0.089546
4.390000 2060.386719 0.090962
4.400000 2060.320801 0.092580
4.410000 2060.429443 0.094125
4.420000 2060.799072 0.094887
4.430000 2061.327637 0.094640
4.440000 2061.928711 0.093366
4.450000 2062.509521 0.091163
4.460000 2062.959229 0.088240
4.470000 2063.084229 0.085174
4.480000 2062.840332 0.082650
4.490000 2062.268799 0.081212
4.500000 2061.491211 0.081253
4.510000 2060.751221 0.083061
4.520000 2060.375977 0.085984
4.530000 2060.282715 0.088879
4.540000 2060.398682 0.091386
4.550000 2060.646729 0.093315
4.560000 2060.949219 0.094639
4.570000 2061.156738 0.095523
4.580000 2061.164307 0.096291
4.590000 2060.959717 0.097098
4.600000 2060.585449 0.098075
4.610000 2060.154785 0.099348
4.620000 2059.817383 0.100763
4.630000 2059.519531 0.102074
4.640000 2059.243164 0.103284
4.650000 2059.003906 0.104414
4.660000 2058.872559 0.105497
4.670000 2058.875000 0.106095
4.680000 2058.828857 0.105479
4.690000 2058.705078 0.102936
4.700000 2058.536377 0.097842
4.710000 2058.443115 0.089519
4.720000 2058.515625 0.077389
4.730000 2058.534180 0.063540
4.740000 2058.375488 0.049418
4.750000 2058.044434 0.036448
4.760000 2057.728027 0.026176
4.770000 2057.989746 0.019764
4.780000 2058.693115 0.015477
4.790000 2059.491211 0.012532
4.800000 2060.149902 0.010288
4.810000 2060.599609 0.008298
4.820000 2061.501709 0.006492
4.830000 2063.135986 0.004950
4.840000 2064.898193 0.003751
4.850000 2066.071289 0.002914
4.860000 2065.764893 0.002383
4.870000 2063.797119 0.002118
4.880000 2062.135986 0.001907
4.890000 2061.763916 0.001649
4.900000 2063.124512 0.001323
4.910000 2066.033936 0.001005
4.920000 2066.932617 0.000806
4.930000 2065.510010 0.000686
4.940000 2062.531494 0.000633
4.950000 2059.279053 0.000615
4.960000 2057.726074 0.000565
4.970000 2057.220215 0.000485
4.980000 2057.468018 0.000420
4.990000 2058.482666 0.000380
5.000000 2059.933350 0.000369
5.010000 2061.023682 0.000382
5.020000 2060.737793 0.000410
5.030000 2059.976562 0.000443
5.040000 2059.135010 0.000472
5.050000 2058.513184 0.000485
5.060000 2058.318604 0.000471
5.070000 2058.779785 0.000423
5.080000 2059.739258 0.000365
5.090000 2060.901855 0.000309
5.100000 2061.928223 0.000261
5.110000 2062.417725 0.000224
5.120000 2062.012451 0.000195
5.130000 2061.353760 0.000168
5.140000 2060.887207 0.000142
5.150000 2060.890381 0.000115
5.160000 2061.453857 0.000091
5.170000 2062.244141 0.000073
5.180000 2063.000977 0.000059
5.190000 2063.629883 0.000050
5.200000 2063.890381 0.000044
5.210000 2063.352051 0.000040
5.220000 2061.483643 0.000037
5.230000 2059.591309 0.000035
5.240000 2058.620605 0.000020