0.000000 3163.140869 0.001096
0.010000 3158.666748 0.003810
0.020000 3154.192383 0.006524
0.030000 3154.306152 0.008787
0.040000 3160.095215 0.010176
0.050000 3169.211182 0.010314
0.060000 3192.940918 0.014640
0.070000 3205.323242 0.020571
0.080000 3212.821289 0.027953
0.090000 3218.531982 0.036099
0.100000 3222.347656 0.043798
0.110000 3225.634277 0.048820
0.120000 3228.641113 0.052690
0.130000 3231.557129 0.056186
0.140000 3234.056885 0.059527
0.150000 3235.341553 0.062399
0.160000 3235.726562 0.062700
0.170000 3236.280029 0.061128
0.180000 3237.771973 0.059144
0.190000 3240.121094 0.057342
0.200000 3242.468750 0.055595
0.210000 3244.653076 0.059742
0.220000 3245.433838 0.063689
0.230000 3244.955811 0.065534
0.240000 3243.553955 0.064343
0.250000 3241.751953 0.060060
0.260000 3240.105469 0.053066
0.270000 3238.774170 0.046022
0.280000 3237.883545 0.039951
0.290000 3237.508057 0.035353
0.300000 3237.671387 0.032272
0.310000 3238.265137 0.030550
0.320000 3238.958740 0.029516
0.330000 3239.827393 0.029144
0.340000 3240.847412 0.029446
0.350000 3241.903809 0.030448
0.360000 3242.476807 0.032292
0.370000 3242.905273 0.034619
0.380000 3243.434082 0.037064
0.390000 3244.082275 0.039177
0.400000 3244.678223 0.040416
0.410000 3244.756836 0.039861
0.420000 3244.749268 0.038455
0.430000 3244.906494 0.036843
0.440000 3245.151367 0.035399
0.450000 3245.128418 0.034289
0.460000 3243.865234 0.033490
0.470000 3241.926758 0.033547
0.480000 3239.645264 0.034659
0.490000 3237.252686 0.036913
0.500000 3234.924072 0.040263
0.510000 3233.056396 0.044037
0.520000 3231.930176 0.046684
0.530000 3231.705322 0.047827
0.540000 3232.426514 0.047681
0.550000 3234.012451 0.046979
0.560000 3235.805420 0.047313
0.570000 3236.614990 0.047598
0.580000 3236.372559 0.047314
0.590000 3235.208984 0.046381
0.600000 3233.444824 0.045042
0.610000 3231.720459 0.043348
0.620000 3230.589844 0.041244
0.630000 3230.202881 0.038855
0.640000 3230.618896 0.036355
0.650000 3231.800781 0.033969
0.660000 3233.463379 0.032061
0.670000 3234.593262 0.030406
0.680000 3235.011719 0.028918
0.690000 3234.839844 0.027638
0.700000 3234.432617 0.026676
0.710000 3234.146973 0.025765
0.720000 3233.554199 0.024560
0.730000 3232.406982 0.023257
0.740000 3230.845459 0.022217
0.750000 3229.318848 0.021912
0.760000 3229.019043 0.022437
0.770000 3229.653564 0.023332
0.780000 3230.575195 0.024452
0.790000 3231.325195 0.025590
0.800000 3231.556152 0.026486
0.810000 3231.144287 0.026859
0.820000 3230.382080 0.026882
0.830000 3229.432861 0.026721
0.840000 3228.368652 0.026531
0.850000 3227.218750 0.026474
0.860000 3226.146729 0.026750
0.870000 3225.454590 0.027107
0.880000 3225.212158 0.027256
0.890000 3225.375488 0.027058
0.900000 3225.797119 0.026485
0.910000 3226.034912 0.025747
0.920000 3225.848389 0.025116
0.930000 3225.312744 0.024637
0.940000 3224.640625 0.024337
0.950000 3224.150391 0.024223
0.960000 3224.246582 0.024403
0.970000 3224.621094 0.025014
0.980000 3225.045410 0.026036
0.990000 3225.473633 0.027351
1.000000 3225.961914 0.028748
1.010000 3226.572998 0.029732
1.020000 3227.028076 0.029963
1.030000 3227.124268 0.029432
1.040000 3226.724854 0.028286
1.050000 3225.748047 0.026830
1.060000 3224.177246 0.025877
1.070000 3222.606689 0.025820
1.080000 3221.419678 0.026318
1.090000 3220.863770 0.027038
1.100000 3221.087158 0.027638
1.110000 3222.075928 0.028132
1.120000 3223.065186 0.028923
1.130000 3223.630127 0.029949
1.140000 3223.689697 0.031103
1.150000 3223.399170 0.032229
1.160000 3223.465088 0.032974
1.170000 3224.047363 0.033125
1.180000 3224.726562 0.032859
1.190000 3225.208252 0.032328
1.200000 3225.280273 0.031710
1.210000 3225.145508 0.031419
1.220000 3225.296387 0.031625
1.230000 3225.721191 0.032312
1.240000 3226.344971 0.033388
1.250000 3227.044189 0.034673
1.260000 3227.658447 0.035578
1.270000 3227.862305 0.035618
1.280000 3227.466064 0.034831
1.290000 3226.437256 0.033533
1.300000 3224.882568 0.032250
1.310000 3223.312988 0.031884
1.320000 3222.312012 0.032495
1.330000 3221.950195 0.033824
1.340000 3222.124756 0.035600
1.350000 3222.583740 0.037478
1.360000 3222.674316 0.038677
1.370000 3222.256836 0.039188
1.380000 3221.702148 0.039584
1.390000 3221.233887 0.040160
1.400000 3221.005371 0.041058
1.410000 3221.024902 0.041964
1.420000 3221.194092 0.042355
1.430000 3221.443359 0.042264
1.440000 3221.686279 0.041852
1.450000 3221.823242 0.041372
1.460000 3221.740234 0.041186
1.470000 3221.581787 0.041333
1.480000 3221.514404 0.041616
1.490000 3221.647705 0.041816
1.500000 3222.050537 0.041696
1.510000 3222.656006 0.041000
1.520000 3223.026123 0.040052
1.530000 3223.045898 0.039206
1.540000 3222.777588 0.038678
1.550000 3222.401611 0.038593
1.560000 3222.360107 0.038732
1.570000 3222.555176 0.038685
1.580000 3222.701904 0.038453
1.590000 3222.751221 0.038124
1.600000 3222.782227 0.037839
1.610000 3223.187500 0.037819
1.620000 3223.901611 0.038072
1.630000 3224.624512 0.038423
1.640000 3225.202393 0.038700
1.650000 3225.552734 0.038732
1.660000 3225.737549 0.038409
1.670000 3225.721924 0.037850
1.680000 3225.341309 0.037174
1.690000 3224.597412 0.036557
1.700000 3223.614990 0.036192
1.710000 3222.894531 0.036180
1.720000 3222.565430 0.036170
1.730000 3222.378906 0.036210
1.740000 3222.288086 0.036423
1.750000 3222.355957 0.036933
1.760000 3223.059570 0.037668
1.770000 3224.312012 0.038397
1.780000 3225.453369 0.038883
1.790000 3226.089844 0.038928
1.800000 3225.997070 0.038423
1.810000 3225.502441 0.037804
1.820000 3225.465820 0.037546
1.830000 3225.918945 0.037711
1.840000 3226.730225 0.038263
1.850000 3227.693359 0.039050
1.860000 3228.709229 0.039477
1.870000 3229.731934 0.039180
1.880000 3230.535156 0.038231
1.890000 3230.965088 0.036761
1.900000 3230.917236 0.034989
1.910000 3230.342285 0.033342
1.920000 3229.325928 0.032099
1.930000 3228.245361 0.031464
1.940000 3227.578857 0.031450
1.950000 3227.797852 0.031989
1.960000 3229.088379 0.033150
1.970000 3230.161865 0.034565
1.980000 3230.506104 0.035449
1.990000 3230.141602 0.035623
2.000000 3229.305176 0.035175
2.010000 3228.215820 0.034428
2.020000 3227.079590 0.033920
2.030000 3226.171631 0.033856
2.040000 3225.692871 0.034213
2.050000 3225.773926 0.034846
2.060000 3226.336182 0.035449
2.070000 3226.597168 0.035610
2.080000 3226.451416 0.035258
2.090000 3226.179443 0.034455
2.100000 3226.206543 0.033346
2.110000 3227.024902 0.032142
2.120000 3228.017334 0.031282
2.130000 3228.791748 0.030705
2.140000 3229.278320 0.030390
2.150000 3229.501709 0.030307
2.160000 3229.359863 0.030401
2.170000 3229.113525 0.030513
2.180000 3229.125977 0.030591
2.190000 3229.558838 0.030699
2.200000 3230.477051 0.030982
2.210000 3231.840332 0.031861
2.220000 3233.177734 0.033576
2.230000 3233.915527 0.035468
2.240000 3233.856689 0.037091
2.250000 3233.039307 0.038126
2.260000 3232.067871 0.038690
2.270000 3231.486328 0.038928
2.280000 3231.152588 0.039010
2.290000 3231.044434 0.039043
2.300000 3231.186523 0.039114
2.310000 3231.798584 0.039244
2.320000 3232.727783 0.039277
2.330000 3233.651367 0.038945
2.340000 3234.450195 0.038128
2.350000 3235.073486 0.036826
2.360000 3235.525879 0.035346
2.370000 3235.864014 0.034280
2.380000 3235.945801 0.033599
2.390000 3235.584229 0.033170
2.400000 3234.692627 0.032873
2.410000 3233.723633 0.032936
2.420000 3233.717285 0.033252
2.430000 3234.565430 0.033832
2.440000 3235.822510 0.034762
2.450000 3236.927246 0.036072
2.460000 3237.332520 0.037500
2.470000 3237.113281 0.038822
2.480000 3236.562988 0.040028
2.490000 3235.953613 0.041107
2.500000 3235.551025 0.042045
2.510000 3235.570557 0.042768
2.520000 3235.592041 0.043235
2.530000 3235.475342 0.043472
2.540000 3235.344238 0.043544
2.550000 3235.376465 0.043539
2.560000 3235.693115 0.043567
2.570000 3235.897949 0.043598
2.580000 3235.843262 0.043471
2.590000 3235.518799 0.043109
2.600000 3234.979004 0.042461
2.610000 3234.359375 0.041412
2.620000 3233.599121 0.039730
2.630000 3232.582764 0.037616
2.640000 3231.479248 0.035389
2.650000 3230.542480 0.033374
2.660000 3230.112549 0.031757
2.670000 3230.249512 0.030378
2.680000 3230.922119 0.029241
2.690000 3232.045654 0.028547
2.700000 3233.383545 0.028479
2.710000 3234.124756 0.029055
2.720000 3233.749023 0.029635
2.730000 3232.917725 0.030292
2.740000 3232.096680 0.030966
2.750000 3231.682861 0.031543
2.760000 3231.925781 0.031786
2.770000 3232.488281 0.031833
2.780000 3233.008789 0.031780
2.790000 3233.350098 0.031643
2.800000 3233.445312 0.031446
2.810000 3233.293457 0.031300
2.820000 3233.080322 0.031400
2.830000 3232.979492 0.031758
2.840000 3233.017822 0.032317
2.850000 3233.169189 0.032954
2.860000 3233.336426 0.033381
2.870000 3233.499268 0.033244
2.880000 3233.665527 0.032672
2.890000 3233.857178 0.031839
2.900000 3234.114990 0.030962
2.910000 3234.562744 0.030338
2.920000 3234.979980 0.030080
2.930000 3234.984863 0.030041
2.940000 3234.625977 0.030230
2.950000 3234.137207 0.030649
2.960000 3234.123291 0.031218
2.970000 3234.731689 0.031723
2.980000 3235.479736 0.032207
2.990000 3236.121094 0.032667
3.000000 3236.489990 0.033093
3.010000 3236.550293 0.033457
3.020000 3236.446045 0.033798
3.030000 3236.321777 0.034178
3.040000 3236.208008 0.034619
3.050000 3236.086182 0.035102
3.060000 3235.810303 0.035506
3.070000 3235.206299 0.035630
3.080000 3234.537354 0.035613
3.090000 3234.079590 0.035565
3.100000 3234.080078 0.035605
3.110000 3234.738770 0.035908
3.120000 3235.726562 0.036522
3.130000 3236.628906 0.037161
3.140000 3237.317383 0.037639
3.150000 3237.717773 0.037813
3.160000 3237.721191 0.037574
3.170000 3237.095947 0.037015
3.180000 3236.201172 0.036619
3.190000 3235.456055 0.036533
3.200000 3235.226562 0.036773
3.210000 3235.706299 0.037123
3.220000 3236.265381 0.037365
3.230000 3236.617432 0.037406
3.240000 3236.759277 0.037322
3.250000 3236.711914 0.037221
3.260000 3236.375488 0.037210
3.270000 3235.807373 0.037353
3.280000 3235.337646 0.037624
3.290000 3235.046631 0.037916
3.300000 3234.924072 0.038098
3.310000 3234.805664 0.037983
3.320000 3234.720459 0.037465
3.330000 3234.800781 0.036739
3.340000 3235.066406 0.035980
3.350000 3235.487061 0.035363
3.360000 3235.951904 0.035094
3.370000 3236.090088 0.035121
3.380000 3235.748291 0.035209
3.390000 3235.058838 0.035344
3.400000 3234.295654 0.035512
3.410000 3234.035889 0.035603
3.420000 3234.562012 0.035435
3.430000 3235.412354 0.035215
3.440000 3236.292725 0.035082
3.450000 3237.014160 0.035167
3.460000 3237.643799 0.035640
3.470000 3238.370117 0.036451
3.480000 3238.979736 0.037172
3.490000 3239.287842 0.037524
3.500000 3239.171387 0.037353
3.510000 3238.609863 0.036755
3.520000 3237.818604 0.036348
3.530000 3237.036621 0.036392
3.540000 3236.427246 0.036852
3.550000 3236.144043 0.037553
3.560000 3236.391846 0.038075
3.570000 3236.926025 0.038062
3.580000 3237.293457 0.037618
3.590000 3237.462891 0.036866
3.600000 3237.543457 0.035948
3.610000 3237.892822 0.035027
3.620000 3238.439697 0.034211
3.630000 3238.695801 0.033517
3.640000 3238.575195 0.033029
3.650000 3238.108887 0.032812
3.660000 3237.461182 0.032911
3.670000 3236.919922 0.033160
3.680000 3236.683350 0.033439
3.690000 3236.748779 0.033727
3.700000 3237.029053 0.033993
3.710000 3237.304932 0.034138
3.720000 3237.531494 0.033997
3.730000 3237.800781 0.033672
3.740000 3237.997314 0.033244
3.750000 3238.003906 0.032794
3.760000 3237.731689 0.032400
3.770000 3237.725586 0.031932
3.780000 3238.207031 0.031153
3.790000 3238.901123 0.030105
3.800000 3239.445557 0.028925
3.810000 3239.371338 0.027906
3.820000 3238.958740 0.027566
3.830000 3238.713379 0.027634
3.840000 3238.638184 0.027875
3.850000 3238.601807 0.028113
3.860000 3238.269287 0.028337
3.870000 3237.575928 0.028822
3.880000 3236.767578 0.029512
3.890000 3235.973145 0.030265
3.900000 3235.336670 0.030928
3.910000 3235.092773 0.031329
3.920000 3235.508545 0.031412
3.930000 3236.203369 0.031479
3.940000 3236.874756 0.031647
3.950000 3237.293945 0.031971
3.960000 3237.357178 0.032420
3.970000 3237.274658 0.032918
3.980000 3237.134033 0.033298
3.990000 3236.879150 0.033471
4.000000 3236.466797 0.033416
4.010000 3235.894287 0.033209
4.020000 3235.401855 0.033184
4.030000 3235.226074 0.033391
4.040000 3235.504395 0.033743
4.050000 3236.268311 0.034163
4.060000 3237.387451 0.034622
4.070000 3238.292969 0.035005
4.080000 3238.895996 0.035106
4.090000 3239.319336 0.034951
4.100000 3239.636719 0.034620
4.110000 3239.761719 0.034247
4.120000 3239.380615 0.033940
4.130000 3238.919678 0.033706
4.140000 3238.737549 0.033406
4.150000 3239.032227 0.032939
4.160000 3239.724854 0.032292
4.170000 3240.117920 0.031529
4.180000 3240.087891 0.030661
4.190000 3239.866211 0.029779
4.200000 3239.740967 0.028964
4.210000 3240.080322 0.028270
4.220000 3240.695801 0.027790
4.230000 3240.981445 0.027380
4.240000 3240.851074 0.026968
4.250000 3240.392334 0.026503
4.260000 3239.934814 0.025959
4.270000 3239.814697 0.025208
4.280000 3239.920166 0.024398
4.290000 3240.167725 0.023682
4.300000 3240.470703 0.023205
4.310000 3240.736816 0.023125
4.320000 3240.880371 0.023382
4.330000 3240.772949 0.023556
4.340000 3240.261719 0.023510
4.350000 3239.355713 0.023277
4.360000 3238.341309 0.023167
4.370000 3237.856201 0.023418
4.380000 3237.741455 0.023730
4.390000 3237.801025 0.023935
4.400000 3237.916992 0.023915
4.410000 3238.126465 0.023595
4.420000 3238.661865 0.023008
4.430000 3239.365967 0.022327
4.440000 3240.149658 0.021625
4.450000 3240.932129 0.020951
4.460000 3241.640625 0.020312
4.470000 3241.823730 0.019629
4.480000 3241.289795 0.019003
4.490000 3240.219238 0.018711
4.500000 3238.933838 0.018938
4.510000 3237.960693 0.019731
4.520000 3237.720703 0.020564
4.530000 3237.855225 0.021153
4.540000 3238.195068 0.021473
4.550000 3238.592773 0.021552
4.560000 3238.919922 0.021469
4.570000 3238.980713 0.021380
4.580000 3238.707764 0.021418
4.590000 3238.154541 0.021648
4.600000 3237.469482 0.022074
4.610000 3236.944336 0.022607
4.620000 3236.770752 0.022923
4.630000 3236.541016 0.023003
4.640000 3236.134277 0.022905
4.650000 3235.572998 0.022700
4.660000 3235.080078 0.022464
4.670000 3234.912598 0.022019
4.680000 3234.797119 0.021061
4.690000 3234.682373 0.019339
4.700000 3234.646973 0.016750
4.710000 3234.969971 0.013348
4.720000 3236.036133 0.009956
4.730000 3237.281494 0.007239
4.740000 3238.264160 0.005249
4.750000 3238.625732 0.003910
4.760000 3238.082275 0.003035
4.770000 3237.419434 0.002474
4.780000 3237.371094 0.002071
4.790000 3237.584961 0.001809
4.800000 3237.658691 0.001667
4.810000 3237.158203 0.001616
4.820000 3236.346436 0.001602
4.830000 3235.417725 0.001567
4.840000 3234.360840 0.001496
4.850000 3233.243652 0.001381
4.860000 3232.258057 0.001217
4.870000 3231.785889 0.001020
4.880000 3231.529297 0.000836
4.890000 3231.329834 0.000679
4.900000 3231.097412 0.000555
4.910000 3230.826660 0.000461
4.920000 3230.726807 0.000398
4.930000 3230.933838 0.000352
4.940000 3231.449951 0.000314
4.950000 3232.198242 0.000275
4.960000 3233.006836 0.000226
4.970000 3235.196289 0.000159
4.980000 3240.226562 0.000108
4.990000 3243.894531 0.000078
5.000000 3243.883301 0.000068
5.010000 3240.413574 0.000069
5.020000 3235.273682 0.000073
5.030000 3232.219482 0.000074
5.040000 3231.025146 0.000073
5.050000 3231.678711 0.000071
5.060000 3234.642578 0.000070
5.070000 3237.572021 0.000070
5.080000 3239.468750 0.000067
5.090000 3240.830078 0.000063
5.100000 3241.893799 0.000057
5.110000 3242.521973 0.000050
5.120000 3241.883301 0.000043
5.130000 3241.706055 0.000017
